Index,0:？,1:？,2:？,3:？,4:？,5:？,6:？,7:？,8:？,9:？
0,,0,,0,0,1,0,0,,0
1,,0,,0,0,0,0,0,,0
2,,0,,0,0,0,0,0,,0
3,,0,,0,0,0,0,0,,0
4,,0,,0,0,0,0,0,,0
5,,0,,0,0,0,0,0,,0
6,,0,,0,0,0,0,0,,0
7,,0,,0,0,0,0,0,,0
8,,0,,0,0,0,0,0,,0
9,,0,,0,0,0,0,0,,0
10,,0,,0,0,0,0,0,,0
11,,0,,0,0,0,0,0,,0
12,,0,,0,0,0,0,0,,0
13,,0,,0,0,0,0,0,,0
14,,0,,0,0,0,0,0,,0
15,,0,,0,0,0,0,0,,0
16,,0,,0,0,0,0,0,,0
17,,0,,0,0,0,0,0,,0
18,行会理符,0,,0,0,1,0,0,,0
19,,0,,0,0,1,0,0,,0
20,海德林,0,,0,0,1,0,0,,0
21,艾欧泽亚,0,,0,0,1,0,0,,0
22,拉诺西亚,0,,0,0,1,0,0,,0
23,黑衣森林,0,,0,0,1,0,0,,0
24,萨纳兰,0,,0,0,1,0,0,,0
25,库尔札斯,0,,0,0,1,0,0,,0
26,摩杜纳,0,,0,0,1,0,0,,0
27,利姆萨·罗敏萨,0,,0,0,1,0,0,,0
28,利姆萨·罗敏萨上层甲板,0,,0,0,1,0,0,,0
29,利姆萨·罗敏萨下层甲板,0,,0,0,1,0,0,,0
30,中拉诺西亚,0,,0,0,1,0,0,,0
31,拉诺西亚低地,0,,0,0,1,0,0,,0
32,东拉诺西亚,0,,0,0,1,0,0,,0
33,西拉诺西亚,0,,0,0,1,0,0,,0
34,拉诺西亚高地,0,,0,0,1,0,0,,0
35,沙斯塔夏溶洞,0,,0,0,1,0,0,,0
36,布雷福洛克斯野营地,0,,0,0,1,0,0,,0
37,放浪神古神殿,0,,0,0,1,0,0,,0
38,,0,,0,0,0,0,0,,0
39,格里达尼亚,0,,0,0,1,0,0,,0
40,乌尔达哈现世回廊,0,,0,0,1,0,0,,0
41,乌尔达哈来生回廊,0,,0,0,1,0,0,,0
42,西萨纳兰,0,,0,0,1,0,0,,0
43,中萨纳兰,0,,0,0,1,0,0,,0
44,东萨纳兰,0,,0,0,1,0,0,,0
45,南萨纳兰,0,,0,0,1,0,0,,0
46,北萨纳兰,0,,0,0,1,0,0,,0
47,樵鸣洞,0,,0,0,1,0,0,,0
48,铜铃铜山,0,,0,0,1,0,0,,0
49,日影地修炼所,0,,0,0,1,0,0,,0
50,喀恩埋没圣堂,0,,0,0,1,0,0,,0
51,乌尔达哈,0,,0,0,1,0,0,,0
52,格里达尼亚新街,0,,0,0,1,0,0,,0
53,格里达尼亚旧街,0,,0,0,1,0,0,,0
54,黑衣森林中央林区,0,,0,0,1,0,0,,0
55,黑衣森林东部林区,0,,0,0,1,0,0,,0
56,黑衣森林南部林区,0,,0,0,1,0,0,,0
57,黑衣森林北部林区,0,,0,0,1,0,0,,0
58,塔姆·塔拉墓园,0,,0,0,1,0,0,,0
59,静语庄园,0,,0,0,1,0,0,,0
60,,0,,0,0,0,0,0,,0
61,托托·拉克千狱,0,,0,0,1,0,0,,0
62,伊修加德,0,,0,0,1,0,0,,0
63,库尔札斯中央高地,0,,0,0,1,0,0,,0
64,泽梅尔要塞,0,,0,0,1,0,0,,0
65,黄金谷,0,,0,0,1,0,0,,0
66,东方地域,0,,0,0,1,0,0,,0
67,摩杜纳,0,,0,0,1,0,0,,0
68,翡翠湖滨,0,,0,0,1,0,0,,0
69,翠泪择伐区,0,,0,0,1,0,0,,0
70,弯枝,0,,0,0,1,0,0,,0
71,酸模避风港,0,,0,0,1,0,0,,0
72,朽骨森,0,,0,0,1,0,0,,0
73,蜜场,0,,0,0,1,0,0,,0
74,九藤,0,,0,0,1,0,0,,0
75,荆棘森,0,,0,0,1,0,0,,0
76,百灵啼,0,,0,0,1,0,0,,0
77,妖精领,0,,0,0,1,0,0,,0
78,高径,0,,0,0,1,0,0,,0
79,低径,0,,0,0,1,0,0,,0
80,蛇蜕林,0,,0,0,1,0,0,,0
81,沉默花坛,0,,0,0,1,0,0,,0
82,兀尔德恩惠地,0,,0,0,1,0,0,,0
83,私语巨木,0,,0,0,1,0,0,,0
84,和平苑,0,,0,0,1,0,0,,0
85,桤木泉,0,,0,0,1,0,0,,0
86,荣耀溪,0,,0,0,1,0,0,,0
87,青貉门,0,,0,0,1,0,0,,0
88,白狼门,0,,0,0,1,0,0,,0
89,基尔波特哨塔,0,,0,0,1,0,0,,0
90,烤饼练兵所,0,,0,0,1,0,0,,0
91,加比诺老爹的小屋,0,,0,0,1,0,0,,0
92,裸岩丘,0,,0,0,1,0,0,,0
93,沃连牢狱,0,,0,0,1,0,0,,0
94,弯枝牧场,0,,0,0,1,0,0,,0
95,加尔梵斯哨塔,0,,0,0,1,0,0,,0
96,地母神忘迹,0,,0,0,1,0,0,,0
97,塔姆·塔拉墓园,0,,0,0,1,0,0,,0
98,镜池栈桥,0,,0,0,1,0,0,,0
99,睡莲岩,0,,0,0,1,0,0,,0
100,境树,0,,0,0,1,0,0,,0
101,常影区,0,,0,0,1,0,0,,0
102,静语庄园,0,,0,0,1,0,0,,0
103,血祭台,0,,0,0,1,0,0,,0
104,萌芽池,0,,0,0,1,0,0,,0
105,龙纹岩,0,,0,0,1,0,0,,0
106,魔石精巢穴,0,,0,0,1,0,0,,0
107,霍桑山寨,0,,0,0,1,0,0,,0
108,境树,0,,0,0,1,0,0,,0
109,,0,,0,0,0,0,0,,0
110,阿马里赛哨塔,0,,0,0,1,0,0,,0
111,帝国东方堡,0,,0,0,1,0,0,,0
112,十二神大圣堂,0,,0,0,1,0,0,,0
113,妖精暂留地,0,,0,0,1,0,0,,0
114,月芽丛,0,,0,0,1,0,0,,0
115,摇篮树,0,,0,0,1,0,0,,0
116,金叶台,0,,0,0,1,0,0,,0
117,悬钩群,0,,0,0,1,0,0,,0
118,巴斯卡隆监视所遗址,0,,0,0,1,0,0,,0
119,巴斯卡隆酒家,0,,0,0,1,0,0,,0
120,托托·拉克千狱,0,,0,0,1,0,0,,0
121,空居,0,,0,0,1,0,0,,0
122,无人庵,0,,0,0,1,0,0,,0
123,恬静路营地,0,,0,0,1,0,0,,0
124,,0,,0,0,0,0,0,,0
125,无限城市街古迹,0,,0,0,1,0,0,,0
126,蔓根沼,0,,0,0,1,0,0,,0
127,森南飞艇坪,0,,0,0,1,0,0,,0
128,无限城古堡,0,,0,0,1,0,0,,0
129,石场水车,0,,0,0,1,0,0,,0
130,红腹蜂巢,0,,0,0,1,0,0,,0
131,哥布林族野营地,0,,0,0,1,0,0,,0
132,枯叶堆,0,,0,0,1,0,0,,0
133,兀尔德泉,0,,0,0,1,0,0,,0
134,,0,,0,0,0,0,0,,0
135,黄蛇门,0,,0,0,1,0,0,,0
136,私语巨木鸟栏,0,,0,0,1,0,0,,0
137,艾·塔塔哨塔,0,,0,0,1,0,0,,0
138,境树,0,,0,0,1,0,0,,0
139,林场水车,0,,0,0,1,0,0,,0
140,秋瓜浮村,0,,0,0,1,0,0,,0
141,浮栓亭,0,,0,0,1,0,0,,0
142,弗洛朗泰尔哨塔,0,,0,0,1,0,0,,0
143,山人岩穴,0,,0,0,1,0,0,,0
144,格尔莫拉遗迹,0,,0,0,1,0,0,,0
145,鸟人军采伐所,0,,0,0,1,0,0,,0
146,欧金尼娅哨塔,0,,0,0,1,0,0,,0
147,初学者学堂,0,,0,0,1,0,0,,0
148,,0,,0,0,0,0,0,,0
149,,0,,0,0,0,0,0,,0
150,,0,,0,0,0,0,0,,0
151,栖木旅馆,0,,0,0,1,0,0,,0
152,艾欧泽亚地下空间,0,,0,0,1,0,0,,0
153,陌迪翁牢狱,0,,0,0,1,0,0,,0
154,群狼困斗,0,,0,0,1,0,0,,0
155,花蜜栈桥,0,,0,0,1,0,0,,0
156,西叶脉,0,,0,0,1,0,0,,0
157,东叶脉,0,,0,0,1,0,0,,0
158,若斯兰哨塔,0,,0,0,1,0,0,,0
159,盛花养蜂场,0,,0,0,1,0,0,,0
160,元灵幼树,0,,0,0,1,0,0,,0
161,和风流地,0,,0,0,1,0,0,,0
162,盛夏滩,0,,0,0,1,0,0,,0
163,三星里弯陷,0,,0,0,1,0,0,,0
164,莫拉比湾,0,,0,0,1,0,0,,0
165,雪松原,0,,0,0,1,0,0,,0
166,神握角,0,,0,0,1,0,0,,0
167,鲜血滨,0,,0,0,1,0,0,,0
168,接雨草树林,0,,0,0,1,0,0,,0
169,永恒旧街,0,,0,0,1,0,0,,0
170,四分石地,0,,0,0,1,0,0,,0
171,骷髅谷,0,,0,0,1,0,0,,0
172,二分石地,0,,0,0,1,0,0,,0
173,幻影群岛,0,,0,0,1,0,0,,0
174,橡树原,0,,0,0,1,0,0,,0
175,登天路,0,,0,0,1,0,0,,0
176,黑金湖,0,,0,0,1,0,0,,0
177,石绿湖,0,,0,0,1,0,0,,0
178,泽尔玛溪谷,0,,0,0,1,0,0,,0
179,和风陆门,0,,0,0,1,0,0,,0
180,加拉迪翁湾,0,,0,0,1,0,0,,0
181,德内维尔西路,0,,0,0,1,0,0,,0
182,无赖川,0,,0,0,1,0,0,,0
183,拉撒格兰关,0,,0,0,1,0,0,,0
184,盛夏农庄,0,,0,0,1,0,0,,0
185,海词石窟,0,,0,0,1,0,0,,0
186,永恒川,0,,0,0,1,0,0,,0
187,岩锅,0,,0,0,1,0,0,,0
188,开垦者小仓,0,,0,0,1,0,0,,0
189,横断崖,0,,0,0,1,0,0,,0
190,天梯,0,,0,0,1,0,0,,0
191,德内维尔关,0,,0,0,1,0,0,,0
192,轻声谷,0,,0,0,1,0,0,,0
193,尼姆河,0,,0,0,1,0,0,,0
194,前桅塔,0,,0,0,1,0,0,,0
195,错乱桥,0,,0,0,1,0,0,,0
196,眼镜岩,0,,0,0,1,0,0,,0
197,遗孀泪,0,,0,0,1,0,0,,0
198,暴风陆门,0,,0,0,1,0,0,,0
199,奥修昂大桥,0,,0,0,1,0,0,,0
200,赤血雄鸡农场,0,,0,0,1,0,0,,0
201,灰舰风车群,0,,0,0,1,0,0,,0
202,盲铁坑道,0,,0,0,1,0,0,,0
203,拉撒格兰东路,0,,0,0,1,0,0,,0
204,废弃小屋,0,,0,0,1,0,0,,0
205,白鸥塔,0,,0,0,1,0,0,,0
206,太阳海岸,0,,0,0,1,0,0,,0
207,永恒川,0,,0,0,1,0,0,,0
208,渡轮码头,0,,0,0,1,0,0,,0
209,伽洛克巢洞,0,,0,0,1,0,0,,0
210,隐秘瀑布码头,0,,0,0,1,0,0,,0
211,隐秘瀑布,0,,0,0,1,0,0,,0
212,布雷福洛克斯野营地,0,,0,0,1,0,0,,0
213,断弦亭,0,,0,0,1,0,0,,0
214,红螳螂瀑布,0,,0,0,1,0,0,,0
215,接雨草树林码头,0,,0,0,1,0,0,,0
216,葡萄酒港,0,,0,0,1,0,0,,0
217,帝国西方堡,0,,0,0,1,0,0,,0
218,雨燕塔殖民地,0,,0,0,1,0,0,,0
219,渡渡鸟巢营,0,,0,0,1,0,0,,0
220,酿酒师灯塔,0,,0,0,1,0,0,,0
221,德内维尔西路,0,,0,0,1,0,0,,0
222,沙斯塔夏溶洞,0,,0,0,1,0,0,,0
223,小麦酒港,0,,0,0,1,0,0,,0
224,骷髅谷营地,0,,0,0,1,0,0,,0
225,卫士军墓,0,,0,0,1,0,0,,0
226,北防波堤,0,,0,0,1,0,0,,0
227,南防波堤,0,,0,0,1,0,0,,0
228,船舶墓场,0,,0,0,1,0,0,,0
229,永夏岛,0,,0,0,1,0,0,,0
230,天狼星灯塔,0,,0,0,1,0,0,,0
231,梅梅卢恩交易站,0,,0,0,1,0,0,,0
232,贫女材场,0,,0,0,1,0,0,,0
233,撒拉奥斯的遗骸,0,,0,0,1,0,0,,0
234,愚者瀑布,0,,0,0,1,0,0,,0
235,隐者庵,0,,0,0,1,0,0,,0
236,尼姆浮游遗迹,0,,0,0,1,0,0,,0
237,瞭望阵营地,0,,0,0,1,0,0,,0
238,武伽玛罗武装矿山,0,,0,0,1,0,0,,0
239,石绿湖营地,0,,0,0,1,0,0,,0
240,放浪神古神殿,0,,0,0,1,0,0,,0
241,吉吉卢恩交易站,0,,0,0,1,0,0,,0
242,地灵军试掘地,0,,0,0,1,0,0,,0
243,金锤台地,0,,0,0,1,0,0,,0
244,地平,0,,0,0,1,0,0,,0
245,足迹谷,0,,0,0,1,0,0,,0
246,西风岬,0,,0,0,1,0,0,,0
247,无刺盆地,0,,0,0,1,0,0,,0
248,黑尘,0,,0,0,1,0,0,,0
249,执掌峡谷,0,,0,0,1,0,0,,0
250,枯骨,0,,0,0,1,0,0,,0
251,沙门,0,,0,0,1,0,0,,0
252,新植林,0,,0,0,1,0,0,,0
253,火墙,0,,0,0,1,0,0,,0
254,秽水,0,,0,0,1,0,0,,0
255,赞拉克,0,,0,0,1,0,0,,0
256,红迷宫,0,,0,0,1,0,0,,0
257,撒沟厉沙漠,0,,0,0,1,0,0,,0
258,蓝雾,0,,0,0,1,0,0,,0
259,劳班缓冲地,0,,0,0,1,0,0,,0
260,帝国南方堡,0,,0,0,1,0,0,,0
261,萨萨莫八十罪梯,0,,0,0,1,0,0,,0
262,烽火岭灯塔,0,,0,0,1,0,0,,0
263,毒蝎交易所,0,,0,0,1,0,0,,0
264,丰饶神井,0,,0,0,1,0,0,,0
265,一号打桩塔,0,,0,0,1,0,0,,0
266,白银集市,0,,0,0,1,0,0,,0
267,铜铃铜山,0,,0,0,1,0,0,,0
268,日升门,0,,0,0,1,0,0,,0
269,日落门,0,,0,0,1,0,0,,0
270,亚拉戈旭日路,0,,0,0,1,0,0,,0
271,地平关,0,,0,0,1,0,0,,0
272,月牙湾,0,,0,0,1,0,0,,0
273,不语王像,0,,0,0,1,0,0,,0
274,黄昏湾,0,,0,0,1,0,0,,0
275,月滴洞,0,,0,0,1,0,0,,0
276,帕拉塔安息地,0,,0,0,1,0,0,,0
277,帝国军前哨基地,0,,0,0,1,0,0,,0
278,弃石贫民窟,0,,0,0,1,0,0,,0
279,菲斯卡冒险者营地,0,,0,0,1,0,0,,0
280,姐妹丘,0,,0,0,1,0,0,,0
281,污流,0,,0,0,1,0,0,,0
282,王立娜娜莫菜园,0,,0,0,1,0,0,,0
283,乌尔达哈调车库,0,,0,0,1,0,0,,0
284,亚拉戈繁星路,0,,0,0,1,0,0,,0
285,菲斯卡瞭望台,0,,0,0,1,0,0,,0
286,大霸王树,0,,0,0,1,0,0,,0
287,撒沟厉关,0,,0,0,1,0,0,,0
288,亚拉戈旭日路,0,,0,0,1,0,0,,0
289,金库灵柩亭,0,,0,0,1,0,0,,0
290,黑尘驿站,0,,0,0,1,0,0,,0
291,希拉狄哈遗迹,0,,0,0,1,0,0,,0
292,鼠巢,0,,0,0,1,0,0,,0
293,狱门蚁穴,0,,0,0,1,0,0,,0
294,无望流民街,0,,0,0,1,0,0,,0
295,狼烟丘,0,,0,0,1,0,0,,0
296,纳纳瓦银山,0,,0,0,1,0,0,,0
297,邪嗣,0,,0,0,1,0,0,,0
298,屈伊伯龙别宅遗迹,0,,0,0,1,0,0,,0
299,亚拉戈旭日路,0,,0,0,1,0,0,,0
300,枯骨营地,0,,0,0,1,0,0,,0
301,消逝王都,0,,0,0,1,0,0,,0
302,圣阿达玛·兰达玛教会,0,,0,0,1,0,0,,0
303,锥峰原,0,,0,0,1,0,0,,0
304,黄金集市,0,,0,0,1,0,0,,0
305,日影地修炼所,0,,0,0,1,0,0,,0
306,蜥蜴人军阵地,0,,0,0,1,0,0,,0
307,跨天桥,0,,0,0,1,0,0,,0
308,宇格拉姆河,0,,0,0,1,0,0,,0
309,札尔神祠,0,,0,0,1,0,0,,0
310,紫红瀑布,0,,0,0,1,0,0,,0
311,最终祈祷纪念地,0,,0,0,1,0,0,,0
312,喀恩埋没圣堂,0,,0,0,1,0,0,,0
313,小阿拉米格,0,,0,0,1,0,0,,0
314,火蜥蜴河,0,,0,0,1,0,0,,0
315,浪人坟,0,,0,0,1,0,0,,0
316,焚者群落,0,,0,0,1,0,0,,0
317,幽灵湖,0,,0,0,1,0,0,,0
318,赞拉克侧翼阵,0,,0,0,1,0,0,,0
319,赞拉克祭场,0,,0,0,1,0,0,,0
320,不悔战阵,0,,0,0,1,0,0,,0
321,纳尔神祠,0,,0,0,1,0,0,,0
322,牛魔里程,0,,0,0,1,0,0,,0
323,遗忘绿洲,0,,0,0,1,0,0,,0
324,工艺神击,0,,0,0,1,0,0,,0
325,蓝雾营地,0,,0,0,1,0,0,,0
326,东侧监视塔,0,,0,0,1,0,0,,0
327,西侧监视塔,0,,0,0,1,0,0,,0
328,艾玛吉娜秘银废矿,0,,0,0,1,0,0,,0
329,卫月爪痕,0,,0,0,1,0,0,,0
330,青磷泉,0,,0,0,1,0,0,,0
331,青磷精炼所,0,,0,0,1,0,0,,0
332,前门,0,,0,0,1,0,0,,0
333,帝国南方堡,0,,0,0,1,0,0,,0
334,锥峰原,0,,0,0,1,0,0,,0
335,魔列车停车场,0,,0,0,1,0,0,,0
336,飞空战舰着陆场,0,,0,0,1,0,0,,0
337,莫拉比造船厂,0,,0,0,1,0,0,,0
338,砂盐滩,0,,0,0,1,0,0,,0
339,守炬埠头,0,,0,0,1,0,0,,0
340,空心穴,0,,0,0,1,0,0,,0
341,奥修昂火炬,0,,0,0,1,0,0,,0
342,青磷水采掘场,0,,0,0,1,0,0,,0
343,静语庄园1层,0,,0,0,1,0,0,,0
344,静语庄园2层,0,,0,0,1,0,0,,0
345,静语庄园地窖,0,,0,0,1,0,0,,0
346,神勇队司令室,0,,0,0,1,0,0,,0
347,芙蓉圆桌,0,,0,0,1,0,0,,0
348,再生的残桩,0,,0,0,1,0,0,,0
349,帝国海上基地,0,,0,0,1,0,0,,0
350,拉诺西亚外地,0,,0,0,1,0,0,,0
351,提督室,0,,0,0,1,0,0,,0
352,利姆萨·罗敏萨会议室,0,,0,0,1,0,0,,0
353,利姆萨·罗敏萨演讲室,0,,0,0,1,0,0,,0
354,银胄团总长室,0,,0,0,1,0,0,,0
355,芳香堂,0,,0,0,1,0,0,,0
356,沙之家,0,,0,0,1,0,0,,0
357,炎帝陵,0,,0,0,1,0,0,,0
358,狼狱停船场,0,,0,0,1,0,0,,0
359,奥·哥摩罗火口神殿,0,,0,0,1,0,0,,0
360,荆棘之园,0,,0,0,1,0,0,,0
361,呼啸眼石塔群,0,,0,0,1,0,0,,0
362,海蛇巢穴,0,,0,0,1,0,0,,0
363,萨普沙产卵地,0,,0,0,1,0,0,,0
364,鱼人军阵营,0,,0,0,1,0,0,,0
365,隐秘港,0,,0,0,1,0,0,,0
366,温酒疗养院,0,,0,0,1,0,0,,0
367,,0,,0,0,0,0,0,,0
368,小麦酒港码头,0,,0,0,1,0,0,,0
369,,0,,0,0,0,0,0,,0
370,月牙湾码头,0,,0,0,1,0,0,,0
371,白银集市码头,0,,0,0,1,0,0,,0
372,地下2层,0,,0,0,1,0,0,,0
373,来生回廊,0,,0,0,1,0,0,,0
374,拂晓之间,0,,0,0,1,0,0,,0
375,二号打桩塔,0,,0,0,1,0,0,,0
376,三号打桩塔,0,,0,0,1,0,0,,0
377,樵鸣洞,0,,0,0,1,0,0,,0
378,以太之光广场,0,,0,0,1,0,0,,0
379,次元缝隙迎宾室,0,,0,0,1,0,0,,0
380,巨龙首,0,,0,0,1,0,0,,0
381,神意之地,0,,0,0,1,0,0,,0
382,巨石丘,0,,0,0,1,0,0,,0
383,白云崖,0,,0,0,1,0,0,,0
384,哈尔德拉斯行军道,0,,0,0,1,0,0,,0
385,阿德内尔占星台,0,,0,0,1,0,0,,0
386,狮鹫大桥,0,,0,0,1,0,0,,0
387,天火要塞群,0,,0,0,1,0,0,,0
388,巨龙首营地,0,,0,0,1,0,0,,0
389,落魔崖,0,,0,0,1,0,0,,0
390,钢卫塔,0,,0,0,1,0,0,,0
391,魔胃洞,0,,0,0,1,0,0,,0
392,圣人泪,0,,0,0,1,0,0,,0
393,风扬殖民地,0,,0,0,1,0,0,,0
394,黄金谷,0,,0,0,1,0,0,,0
395,七响走廊,0,,0,0,1,0,0,,0
396,秘石塔,0,,0,0,1,0,0,,0
397,战争神眼,0,,0,0,1,0,0,,0
398,圣人旅道,0,,0,0,1,0,0,,0
399,泽梅尔要塞,0,,0,0,1,0,0,,0
400,大审门,0,,0,0,1,0,0,,0
401,石卫塔,0,,0,0,1,0,0,,0
402,白云崖前哨,0,,0,0,1,0,0,,0
403,贝希摩斯的领地,0,,0,0,1,0,0,,0
404,披雪大冰壁,0,,0,0,1,0,0,,0
405,剑峰,0,,0,0,1,0,0,,0
406,云廊,0,,0,0,1,0,0,,0
407,云海,0,,0,0,1,0,0,,0
408,白狼门（中央林区西侧方面）,0,,0,0,1,0,0,,0
409,迷雾湿地,0,,0,0,1,0,0,,0
410,银泪湖北岸,0,,0,0,1,0,0,,0
411,丧灵钟,0,,0,0,1,0,0,,0
412,废弃营地,0,,0,0,1,0,0,,0
413,纠缠沼泽林,0,,0,0,1,0,0,,0
414,早霜顶,0,,0,0,1,0,0,,0
415,帝国中央堡,0,,0,0,1,0,0,,0
416,圣寇伊纳克调查地,0,,0,0,1,0,0,,0
417,歌咏裂谷,0,,0,0,1,0,0,,0
418,密约之塔,0,,0,0,1,0,0,,0
419,常影区<br>[长老树],0,,0,0,1,0,0,,0
420,水晶塔,0,,0,0,1,0,0,,0
421,银泪湖,0,,0,0,1,0,0,,0
422,勇敢之心号,0,,0,0,1,0,0,,0
423,接待处,0,,0,0,1,0,0,,0
424,狼狱水上竞技场码头,0,,0,0,1,0,0,,0
425,海雾村,0,,0,0,1,0,0,,0
426,薰衣草苗圃,0,,0,0,1,0,0,,0
427,高脚孤丘,0,,0,0,1,0,0,,0
428,阅兵场,0,,0,0,1,0,0,,0
429,天营路,0,,0,0,1,0,0,,0
430,天幕魔导城,0,,0,0,1,0,0,,0
431,废物处理场,0,,0,0,1,0,0,,0
432,地营路,0,,0,0,1,0,0,,0
433,第五封锁区,0,,0,0,1,0,0,,0
434,中央交叉路,0,,0,0,1,0,0,,0
435,魔列车停车场,0,,0,0,1,0,0,,0
436,军火库,0,,0,0,1,0,0,,0
437,飞空艇着陆场,0,,0,0,1,0,0,,0
438,青磷水汲取场,0,,0,0,1,0,0,,0
439,邓斯坦哨塔,0,,0,0,1,0,0,,0
440,天幕魔导城,0,,0,0,1,0,0,,0
441,顶层,0,,0,0,1,0,0,,0
442,管理层,0,,0,0,1,0,0,,0
443,防御层,0,,0,0,1,0,0,,0
444,主层,0,,0,0,1,0,0,,0
445,基层,0,,0,0,1,0,0,,0
446,工房层,0,,0,0,1,0,0,,0
447,飞空艇平台,0,,0,0,1,0,0,,0
448,对空防御区,0,,0,0,1,0,0,,0
449,魔导装甲库,0,,0,0,1,0,0,,0
450,外侧通路,0,,0,0,1,0,0,,0
451,军团长室,0,,0,0,1,0,0,,0
452,基部中枢区,0,,0,0,1,0,0,,0
453,斜行升降机,0,,0,0,1,0,0,,0
454,斯卡艾瓦研究室,0,,0,0,1,0,0,,0
455,魔导工房区,0,,0,0,1,0,0,,0
456,工房升降机,0,,0,0,1,0,0,,0
457,后营门,0,,0,0,1,0,0,,0
458,魔导兵器认证室,0,,0,0,1,0,0,,0
459,呼啸眼外围,0,,0,0,1,0,0,,0
460,莫拉比造船厂码头,0,,0,0,1,0,0,,0
461,幻影群岛码头,0,,0,0,1,0,0,,0
462,罗塔诺海,0,,0,0,1,0,0,,0
463,诸神黄昏级拘束舰,0,,0,0,1,0,0,,0
464,陨石勘查坑表层,0,,0,0,1,0,0,,0
465,陨石勘查坑深层,0,,0,0,1,0,0,,0
466,诸神黄昏级拘束舰,0,,0,0,1,0,0,,0
467,隔离壁,0,,0,0,1,0,0,,0
468,中枢区,0,,0,0,1,0,0,,0
469,第一舰桥,0,,0,0,1,0,0,,0
470,纳尔神祠领路人,0,,0,0,1,0,0,,0
471,牛魔里程领路人,0,,0,0,1,0,0,,0
472,沙之家,0,,0,0,1,0,0,,0
473,白狼门领路人,0,,0,0,1,0,0,,0
474,军团兵员区,0,,0,0,1,0,0,,0
475,镜池栈桥码头,0,,0,0,1,0,0,,0
476,薰衣草苗圃码头,0,,0,0,1,0,0,,0
477,后营门,0,,0,0,1,0,0,,0
478,古代人迷宫,0,,0,0,1,0,0,,0
479,古代人迷宫1层,0,,0,0,1,0,0,,0
480,古代人迷宫2层,0,,0,0,1,0,0,,0
481,石之家,0,,0,0,1,0,0,,0
482,灰阵营,0,,0,0,1,0,0,,0
483,铜铃铜山（骚乱坑道）,0,,0,0,1,0,0,,0
484,静语庄园（恶灵府邸）,0,,0,0,1,0,0,,0
485,下层底部,0,,0,0,1,0,0,,0
486,下层中部,0,,0,0,1,0,0,,0
487,下层上部,0,,0,0,1,0,0,,0
488,中层底部,0,,0,0,1,0,0,,0
489,中层中部,0,,0,0,1,0,0,,0
490,中层上部,0,,0,0,1,0,0,,0
491,上层,0,,0,0,1,0,0,,0
492,山スポット25,0,,0,0,1,0,0,,0
493,希尔科斯塔,0,,0,0,1,0,0,,0
494,沙斯塔夏溶洞（逆转要害）,0,,0,0,1,0,0,,0
495,放浪神古神殿（武装圣域）,0,,0,0,1,0,0,,0
496,尘封秘岩,0,,0,0,1,0,0,,0
497,阿巴拉提亚,0,,0,0,1,0,0,,0
498,龙堡,0,,0,0,1,0,0,,0
499,天狼星灯塔（地脉灵灯）,0,,0,0,1,0,0,,0
500,利姆萨·罗敏萨城区,0,,0,0,1,0,0,,0
501,,0,,0,0,1,0,0,,0
502,拉诺西亚,0,,0,0,1,0,0,,0
503,,0,,0,0,1,0,0,,0
504,乌尔达哈城区,0,,0,0,1,0,0,,0
505,萨纳兰,0,,0,0,1,0,0,,0
506,格里达尼亚城区,0,,0,0,1,0,0,,0
507,黑衣森林,0,,0,0,1,0,0,,0
508,库尔札斯,0,,0,0,1,0,0,,0
509,摩杜纳,0,,0,0,1,0,0,,0
510,阿巴拉提亚,0,,0,0,1,0,0,,0
511,龙堡,0,,0,0,1,0,0,,0
512,伊修加德城区,0,,0,0,1,0,0,,0
513,黄金港城区,0,,0,0,1,0,0,,0
514,基拉巴尼亚,0,,0,0,1,0,0,,0
515,奥萨德,0,,0,0,1,0,0,,0
516,水晶都,0,,0,0,1,0,0,,0
517,游末邦,0,,0,0,1,0,0,,0
518,诺弗兰特,0,,0,0,1,0,0,,0
519,,0,,0,0,1,0,0,,0
520,忏悔回廊,0,,0,0,1,0,0,,0
521,宽容回廊,0,,0,0,1,0,0,,0
522,愚者大厅,0,,0,0,1,0,0,,0
523,裸者大厅,0,,0,0,1,0,0,,0
524,审问之间,0,,0,0,1,0,0,,0
525,判罪之间,0,,0,0,1,0,0,,0
526,赎罪回廊,0,,0,0,1,0,0,,0
527,告解之间,0,,0,0,1,0,0,,0
528,出入口,0,,0,0,1,0,0,,0
529,满潮的奥修福恩的单牢,0,,0,0,1,0,0,,0
530,愚钝勃加德的单牢,0,,0,0,1,0,0,,0
531,十指塔塔比的单牢,0,,0,0,1,0,0,,0
532,沼地人尤奇尔的单牢,0,,0,0,1,0,0,,0
533,达兰朵尔女士的单牢,0,,0,0,1,0,0,,0
534,出入口,0,,0,0,1,0,0,,0
535,新木祭坛,0,,0,0,1,0,0,,0
536,无名墓,0,,0,0,1,0,0,,0
537,主宰者加尔梵斯之王墓,0,,0,0,1,0,0,,0
538,伊尼克家族之墓,0,,0,0,1,0,0,,0
539,高木祭坛,0,,0,0,1,0,0,,0
540,梅那家族之墓,0,,0,0,1,0,0,,0
541,古木祭坛,0,,0,0,1,0,0,,0
542,石桥,0,,0,0,1,0,0,,0
543,幽寂的圆环,0,,0,0,1,0,0,,0
544,安葬之间,0,,0,0,1,0,0,,0
545,魔女咖啡馆,0,,0,0,1,0,0,,0
546,冒险者行会,0,,0,0,1,0,0,,0
547,魔女咖啡馆<br>[冒险者行会],0,,0,0,1,0,0,,0
548,栖木旅馆,0,,0,0,1,0,0,,0
549,格里达尼亚飞艇坪,0,,0,0,1,0,0,,0
550,米斯塔尔连桥,0,,0,0,1,0,0,,0
551,水车十字广场,0,,0,0,1,0,0,,0
552,青貉门,0,,0,0,1,0,0,,0
553,古橡大堂,0,,0,0,1,0,0,,0
554,刻木匠行会,0,,0,0,1,0,0,,0
555,古橡大堂<br>[刻木匠行会],0,,0,0,1,0,0,,0
556,斐加加大水车,0,,0,0,1,0,0,,0
557,橡子乐园,0,,0,0,1,0,0,,0
558,柏兰连桥,0,,0,0,1,0,0,,0
559,白狼门,0,,0,0,1,0,0,,0
560,朱獭门,0,,0,0,1,0,0,,0
561,神勇队司令部,0,,0,0,1,0,0,,0
562,弓箭手行会,0,,0,0,1,0,0,,0
563,神勇队司令部<br>[弓箭手行会],0,,0,0,1,0,0,,0
564,黑檀商店街,0,,0,0,1,0,0,,0
565,紫檀商店街,0,,0,0,1,0,0,,0
566,树荫东屋,0,,0,0,1,0,0,,0
567,飞·乌尔工作室,0,,0,0,1,0,0,,0
568,制革匠行会,0,,0,0,1,0,0,,0
569,飞·乌尔时装店,0,,0,0,1,0,0,,0
570,鬼哭队驻地,0,,0,0,1,0,0,,0
571,枪术师行会,0,,0,0,1,0,0,,0
572,鬼哭队驻地<br>[枪术师行会],0,,0,0,1,0,0,,0
573,半人马之眼武具店,0,,0,0,1,0,0,,0
574,玄猪门,0,,0,0,1,0,0,,0
575,碧企鹅瀑布,0,,0,0,1,0,0,,0
576,硕老树冥想窟,0,,0,0,1,0,0,,0
577,幻术师行会,0,,0,0,1,0,0,,0
578,硕老树冥想窟<br>[幻术师行会],0,,0,0,1,0,0,,0
579,丰饶神祭坛,0,,0,0,1,0,0,,0
580,米·凯特露天剧场,0,,0,0,1,0,0,,0
581,格雷洛姆农场,0,,0,0,1,0,0,,0
582,园艺工行会,0,,0,0,1,0,0,,0
583,格雷洛姆农场<br>[园艺工行会],0,,0,0,1,0,0,,0
584,口哨磨坊,0,,0,0,1,0,0,,0
585,红茶川,0,,0,0,1,0,0,,0
586,低语河谷,0,,0,0,1,0,0,,0
587,翡翠湖,0,,0,0,1,0,0,,0
588,心流区,0,,0,0,1,0,0,,0
589,姆恩·图伊酿造库,0,,0,0,1,0,0,,0
590,以太之光广场,0,,0,0,1,0,0,,0
591,蛇巢司令部,0,,0,0,1,0,0,,0
592,东栈桥<br>黑衣森林东部林区,0,,0,0,1,0,0,,0
593,陆行鸟栏,0,,0,0,1,0,0,,0
594,飞·乌尔工作室<br>[制革匠行会],0,,0,0,1,0,0,,0
595,东栈桥,0,,0,0,1,0,0,,0
596,无法继续前进,0,,0,0,1,0,0,,0
597,青貉门（中央林区东侧方面）,0,,0,0,1,0,0,,0
598,黄蛇门（北部林区方面）,0,,0,0,1,0,0,,0
599,1层,0,,0,0,1,0,0,,0
600,2层,0,,0,0,1,0,0,,0
601,地下1层,0,,0,0,1,0,0,,0
602,门厅,0,,0,0,1,0,0,,0
603,食品室,0,,0,0,1,0,0,,0
604,红蔷薇厅,0,,0,0,1,0,0,,0
605,仓库,0,,0,0,1,0,0,,0
606,音乐室,0,,0,0,1,0,0,,0
607,书库,0,,0,0,1,0,0,,0
608,白百合厅,0,,0,0,1,0,0,,0
609,黄石竹厅,0,,0,0,1,0,0,,0
610,酒窖,0,,0,0,1,0,0,,0
611,指控之间,0,,0,0,1,0,0,,0
612,拷问之间,0,,0,0,1,0,0,,0
613,纳尔之门,0,,0,0,1,0,0,,0
614,恒辉作战总部,0,,0,0,1,0,0,,0
615,流沙屋,0,,0,0,1,0,0,,0
616,流沙屋<br>[冒险者行会],0,,0,0,1,0,0,,0
617,沙钟旅亭,0,,0,0,1,0,0,,0
618,白金幻象,0,,0,0,1,0,0,,0
619,格斗家行会,0,,0,0,1,0,0,,0
620,白金幻象<br>[格斗家行会],0,,0,0,1,0,0,,0
621,翠玉大街,0,,0,0,1,0,0,,0
622,斗技场,0,,0,0,1,0,0,,0
623,剑术师行会,0,,0,0,1,0,0,,0
624,斗技场<br>[剑术师行会],0,,0,0,1,0,0,,0
625,角斗士武器百货,0,,0,0,1,0,0,,0
626,娜娜莫新门,0,,0,0,1,0,0,,0
627,阿达内斯圣柜堂,0,,0,0,1,0,0,,0
628,艾拉里格墓地,0,,0,0,1,0,0,,0
629,咒术师行会,0,,0,0,1,0,0,,0
630,阿达内斯圣柜堂<br>[咒术师行会],0,,0,0,1,0,0,,0
631,艾斯泰姆珠宝店,0,,0,0,1,0,0,,0
632,艾斯泰姆直营工房,0,,0,0,1,0,0,,0
633,雕金匠行会,0,,0,0,1,0,0,,0
634,艾斯泰姆直营工房<br>[雕金匠行会],0,,0,0,1,0,0,,0
635,艾玛吉娜矿山公司,0,,0,0,1,0,0,,0
636,采矿工行会,0,,0,0,1,0,0,,0
637,艾玛吉娜矿山公司<br>[采矿工行会],0,,0,0,1,0,0,,0
638,黑玉小巷,0,,0,0,1,0,0,,0
639,黄金广场,0,,0,0,1,0,0,,0
640,红玉大路国际市场,0,,0,0,1,0,0,,0
641,源泉之梯,0,,0,0,1,0,0,,0
642,太阳丝绸服装店,0,,0,0,1,0,0,,0
643,裁衣匠行会,0,,0,0,1,0,0,,0
644,太阳丝绸服装店<br>[裁衣匠行会],0,,0,0,1,0,0,,0
645,札尔之门,0,,0,0,1,0,0,,0
646,蓝玉大街国际市场,0,,0,0,1,0,0,,0
647,白玉小巷,0,,0,0,1,0,0,,0
648,密尔瓦内斯礼拜堂,0,,0,0,1,0,0,,0
649,福隆戴尔药学院,0,,0,0,1,0,0,,0
650,炼金术士行会,0,,0,0,1,0,0,,0
651,福隆戴尔药学院<br>[炼金术士行会],0,,0,0,1,0,0,,0
652,学者走廊,0,,0,0,1,0,0,,0
653,御道,0,,0,0,1,0,0,,0
654,乌尔达哈飞艇坪,0,,0,0,1,0,0,,0
655,寄生树门,0,,0,0,1,0,0,,0
656,溶洞,0,,0,0,1,0,0,,0
657,雾须王基地,0,,0,0,1,0,0,,0
658,雾须暗道,0,,0,0,1,0,0,,0
659,溶洞,0,,0,0,1,0,0,,0
660,嚎叫池,0,,0,0,1,0,0,,0
661,死路,0,,0,0,1,0,0,,0
662,豹子窝,0,,0,0,1,0,0,,0
663,舷梯门,0,,0,0,1,0,0,,0
664,桨手室,0,,0,0,1,0,0,,0
665,出入口,0,,0,0,1,0,0,,0
666,领航员室,0,,0,0,1,0,0,,0
667,甲板员室,0,,0,0,1,0,0,,0
668,船长室,0,,0,0,1,0,0,,0
669,处罚室,0,,0,0,1,0,0,,0
670,舷梯门,0,,0,0,1,0,0,,0
671,海人门,0,,0,0,1,0,0,,0
672,隐秘栈桥,0,,0,0,1,0,0,,0
673,A1区坑道,0,,0,0,1,0,0,,0
674,B1区坑道,0,,0,0,1,0,0,,0
675,B4区坑道,0,,0,0,1,0,0,,0
676,E1区再开发坑道,0,,0,0,1,0,0,,0
677,E2区再开发坑道,0,,0,0,1,0,0,,0
678,食人深渊,0,,0,0,1,0,0,,0
679,呼唤竖井,0,,0,0,1,0,0,,0
680,悲叹竖井,0,,0,0,1,0,0,,0
681,岩窟王宝座,0,,0,0,1,0,0,,0
682,未开化树丛,0,,0,0,1,0,0,,0
683,布雷福洛克斯避难地,0,,0,0,1,0,0,,0
684,泥泞水源地,0,,0,0,1,0,0,,0
685,布雷福洛克斯野营地,0,,0,0,1,0,0,,0
686,布雷福洛克斯监视小屋,0,,0,0,1,0,0,,0
687,避难地前庭,0,,0,0,1,0,0,,0
688,避难地后庭,0,,0,0,1,0,0,,0
689,野营地前庭,0,,0,0,1,0,0,,0
690,龙巢,0,,0,0,1,0,0,,0
691,野营地内门,0,,0,0,1,0,0,,0
692,拳斗间,0,,0,0,1,0,0,,0
693,剑斗间,0,,0,0,1,0,0,,0
694,兽斗间,0,,0,0,1,0,0,,0
695,福隆戴尔药学院儿科病房,0,,0,0,1,0,0,,0
696,,0,,0,0,0,0,0,,0
697,,0,,0,0,0,0,0,,0
698,政府层,0,,0,0,1,0,0,,0
699,,0,,0,0,0,0,0,,0
700,上层甲板,0,,0,0,1,0,0,,0
701,下层甲板,0,,0,0,1,0,0,,0
702,阿斯塔利西亚号,0,,0,0,1,0,0,,0
703,珊瑚塔<br>[斧术师行会],0,,0,0,1,0,0,,0
704,珊瑚塔,0,,0,0,1,0,0,,0
705,火枪手行会,0,,0,0,1,0,0,,0
706,梅尔凡海关,0,,0,0,1,0,0,,0
707,梅尔凡海关<br>[秘术师行会],0,,0,0,1,0,0,,0
708,俾斯麦餐厅,0,,0,0,1,0,0,,0
709,俾斯麦餐厅<br>[烹调师行会],0,,0,0,1,0,0,,0
710,纳尔迪克＆威米利作坊,0,,0,0,1,0,0,,0
711,纳尔迪克＆威米利作坊<br>[锻铁匠行会]<br>[铸甲匠行会],0,,0,0,1,0,0,,0
712,秘术师行会,0,,0,0,1,0,0,,0
713,网仓,0,,0,0,1,0,0,,0
714,网仓<br>[捕鱼人行会],0,,0,0,1,0,0,,0
715,沉溺海豚亭,0,,0,0,1,0,0,,0
716,沉溺海豚亭<br>[冒险者行会],0,,0,0,1,0,0,,0
717,镜海鱼店,0,,0,0,1,0,0,,0
718,七贤堂,0,,0,0,1,0,0,,0
719,永远少女亭,0,,0,0,1,0,0,,0
720,烹调师行会,0,,0,0,1,0,0,,0
721,后桅塔,0,,0,0,1,0,0,,0
722,海将舰桥,0,,0,0,1,0,0,,0
723,作战指挥室,0,,0,0,1,0,0,,0
724,作战会议室,0,,0,0,1,0,0,,0
725,利姆萨·罗敏萨飞艇坪,0,,0,0,1,0,0,,0
726,陆行鸟栏,0,,0,0,1,0,0,,0
727,北极星灯塔,0,,0,0,1,0,0,,0
728,渡轮码头,0,,0,0,1,0,0,,0
729,养殖场,0,,0,0,1,0,0,,0
730,竞拍所,0,,0,0,1,0,0,,0
731,乌鸦之梯,0,,0,0,1,0,0,,0
732,工事大厅,0,,0,0,1,0,0,,0
733,后桅旅店,0,,0,0,1,0,0,,0
734,捕鱼人行会,0,,0,0,1,0,0,,0
735,和风陆门,0,,0,0,1,0,0,,0
736,暴风陆门,0,,0,0,1,0,0,,0
737,舰尾楼,0,,0,0,1,0,0,,0
738,以太之光广场,0,,0,0,1,0,0,,0
739,八分仪广场,0,,0,0,1,0,0,,0
740,,0,,0,0,0,0,0,,0
741,锚场,0,,0,0,1,0,0,,0
742,燕鸥大桥,0,,0,0,1,0,0,,0
743,国际广场,0,,0,0,1,0,0,,0
744,东国际商贩路,0,,0,0,1,0,0,,0
745,西国际商贩路,0,,0,0,1,0,0,,0
746,海鳗桥廊,0,,0,0,1,0,0,,0
747,海鲤桥廊,0,,0,0,1,0,0,,0
748,中央管区,0,,0,0,1,0,0,,0
749,北部管区,0,,0,0,1,0,0,,0
750,船长区,0,,0,0,1,0,0,,0
751,南部管区,0,,0,0,1,0,0,,0
752,水手区,0,,0,0,1,0,0,,0
753,商业区,0,,0,0,1,0,0,,0
754,利姆萨·罗敏萨码头,0,,0,0,1,0,0,,0
755,黑涡军令部,0,,0,0,1,0,0,,0
756,黄石竹门,0,,0,0,1,0,0,,0
757,紧锁的门,0,,0,0,1,0,0,,0
758,紧锁的门,0,,0,0,1,0,0,,0
759,避难地正门,0,,0,0,1,0,0,,0
760,避难地内门,0,,0,0,1,0,0,,0
761,避难地暗门,0,,0,0,1,0,0,,0
762,野营地正门,0,,0,0,1,0,0,,0
763,船长室大门,0,,0,0,1,0,0,,0
764,冒险者行会前（锻铁匠行会/铸甲匠行会/黑涡团）,0,,0,0,1,0,0,,0
765,烹调师行会前（俾斯麦餐厅）,0,,0,0,1,0,0,,0
766,斧术师行会前（珊瑚塔）,0,,0,0,1,0,0,,0
767,市场（国际广场）,0,,0,0,1,0,0,,0
768,捕鱼人行会前（双剑师行会）,0,,0,0,1,0,0,,0
769,秘术师行会前（渡轮码头）,0,,0,0,1,0,0,,0
770,和风陆门（中拉诺西亚方面）,0,,0,0,1,0,0,,0
771,暴风陆门（拉诺西亚低地方面）,0,,0,0,1,0,0,,0
772,冒险者行会前,0,,0,0,1,0,0,,0
773,咒术师行会前,0,,0,0,1,0,0,,0
774,剑术师行会前（斗技场）,0,,0,0,1,0,0,,0
775,采矿工行会前（天青斗场）,0,,0,0,1,0,0,,0
776,炼金术士行会前,0,,0,0,1,0,0,,0
777,裁衣匠行会前,0,,0,0,1,0,0,,0
778,乌尔达哈王政厅,0,,0,0,1,0,0,,0
779,娜娜莫新门（西萨纳兰方面）,0,,0,0,1,0,0,,0
780,纳尔之门（中萨纳兰北方面）,0,,0,0,1,0,0,,0
781,札尔之门（中萨纳兰南方面）,0,,0,0,1,0,0,,0
782,弓箭手行会前,0,,0,0,1,0,0,,0
783,制革匠行会前（市场）,0,,0,0,1,0,0,,0
784,枪术师行会前,0,,0,0,1,0,0,,0
785,幻术师行会前,0,,0,0,1,0,0,,0
786,园艺工行会前,0,,0,0,1,0,0,,0
787,米·凯特露天剧场,0,,0,0,1,0,0,,0
788,雕金匠行会前,0,,0,0,1,0,0,,0
789,沉默庭院,0,,0,0,1,0,0,,0
790,长廊,0,,0,0,1,0,0,,0
791,旅人栈桥,0,,0,0,1,0,0,,0
792,水上庭院,0,,0,0,1,0,0,,0
793,无限回廊,0,,0,0,1,0,0,,0
794,旅人安息所,0,,0,0,1,0,0,,0
795,放浪神礼堂,0,,0,0,1,0,0,,0
796,金锭池,0,,0,0,1,0,0,,0
797,无钱洞,0,,0,0,1,0,0,,0
798,黄水湖,0,,0,0,1,0,0,,0
799,守卫陷阱,0,,0,0,1,0,0,,0
800,守卫驻所,0,,0,0,1,0,0,,0
801,金库门,0,,0,0,1,0,0,,0
802,征税人的金库,0,,0,0,1,0,0,,0
803,守财奴的住处,0,,0,0,1,0,0,,0
804,守财奴的仓房,0,,0,0,1,0,0,,0
805,门卫驻所,0,,0,0,1,0,0,,0
806,陆行鸟栏,0,,0,0,1,0,0,,0
807,虎口,0,,0,0,1,0,0,,0
808,大礼堂,0,,0,0,1,0,0,,0
809,龙息瀑布,0,,0,0,1,0,0,,0
810,卫兵食堂,0,,0,0,1,0,0,,0
811,卫兵营房,0,,0,0,1,0,0,,0
812,圣达奈芬礼拜堂,0,,0,0,1,0,0,,0
813,练兵广场,0,,0,0,1,0,0,,0
814,太阳阶地,0,,0,0,1,0,0,,0
815,塔塔梅夫二世的祈祷所,0,,0,0,1,0,0,,0
816,拉拉弗托一世的庭院,0,,0,0,1,0,0,,0
817,拉拉弗托四世的地下神殿,0,,0,0,1,0,0,,0
818,武力之间,0,,0,0,1,0,0,,0
819,财力之间,0,,0,0,1,0,0,,0
820,魔力之间,0,,0,0,1,0,0,,0
821,智力之间,0,,0,0,1,0,0,,0
822,拉拉弗托三世的庭院,0,,0,0,1,0,0,,0
823,审理之间,0,,0,0,1,0,0,,0
824,梅梅托女王的祈祷所,0,,0,0,1,0,0,,0
825,太阳神大堂,0,,0,0,1,0,0,,0
826,祈祷所大门,0,,0,0,1,0,0,,0
827,紧锁的门,0,,0,0,1,0,0,,0
828,紧锁的门,0,,0,0,1,0,0,,0
829,紧锁的门,0,,0,0,1,0,0,,0
830,紧锁的门,0,,0,0,1,0,0,,0
831,紧锁的门,0,,0,0,1,0,0,,0
832,地下神殿大门,0,,0,0,1,0,0,,0
833,武力之门,0,,0,0,1,0,0,,0
834,财力之门,0,,0,0,1,0,0,,0
835,魔力之门,0,,0,0,1,0,0,,0
836,智力之门,0,,0,0,1,0,0,,0
837,审理之门,0,,0,0,1,0,0,,0
838,枯水沙层,0,,0,0,1,0,0,,0
839,涌水沙层,0,,0,0,1,0,0,,0
840,青磷水沙层,0,,0,0,1,0,0,,0
841,饱食的前堂,0,,0,0,1,0,0,,0
842,沉淀的中厅,0,,0,0,1,0,0,,0
843,大食王的玄室,0,,0,0,1,0,0,,0
844,埋门,0,,0,0,1,0,0,,0
845,大手门,0,,0,0,1,0,0,,0
846,应门,0,,0,0,1,0,0,,0
847,食堂大门,0,,0,0,1,0,0,,0
848,4级魔导结界,0,,0,0,1,0,0,,0
849,1层,0,,0,0,1,0,0,,0
850,地下1层,0,,0,0,1,0,0,,0
851,海狼洞,0,,0,0,1,0,0,,0
852,红牙囚笼,0,,0,0,1,0,0,,0
853,蓝爪囚笼,0,,0,0,1,0,0,,0
854,圣堂入口,0,,0,0,1,0,0,,0
855,埋没遗迹,0,,0,0,1,0,0,,0
856,地下遗迹,0,,0,0,1,0,0,,0
857,十字大堂,0,,0,0,1,0,0,,0
858,腐朽迷路,0,,0,0,1,0,0,,0
859,妖异迷路,0,,0,0,1,0,0,,0
860,炼狱迷路,0,,0,0,1,0,0,,0
861,升天走廊,0,,0,0,1,0,0,,0
862,死者浴室,0,,0,0,1,0,0,,0
863,入口（仮）,0,,0,0,1,0,0,,0
864,愚者浴室,0,,0,0,1,0,0,,0
865,腐王朝堂,0,,0,0,1,0,0,,0
866,叹息走廊,0,,0,0,1,0,0,,0
867,妖王朝堂,0,,0,0,1,0,0,,0
868,灼热走廊,0,,0,0,1,0,0,,0
869,兽王朝堂,0,,0,0,1,0,0,,0
870,不净的大堂,0,,0,0,1,0,0,,0
871,惨剧的翼廊,0,,0,0,1,0,0,,0
872,背叛的谒见厅,0,,0,0,1,0,0,,0
873,1层,0,,0,0,1,0,0,,0
874,2层,0,,0,0,1,0,0,,0
875,3层,0,,0,0,1,0,0,,0
876,悲愤的前庭,0,,0,0,1,0,0,,0
877,碉楼,0,,0,0,1,0,0,,0
878,右翼胸墙,0,,0,0,1,0,0,,0
879,辅助仓库,0,,0,0,1,0,0,,0
880,骑兵驻所,0,,0,0,1,0,0,,0
881,左翼胸墙,0,,0,0,1,0,0,,0
882,勇将朝堂,0,,0,0,1,0,0,,0
883,亡者浴室,0,,0,0,1,0,0,,0
884,指控之门,0,,0,0,1,0,0,,0
885,拷问之门,0,,0,0,1,0,0,,0
886,勘查据点,0,,0,0,1,0,0,,0
887,陨石风洞,0,,0,0,1,0,0,,0
888,陨石勘查坑,0,,0,0,1,0,0,,0
889,亚拉戈遗构,0,,0,0,1,0,0,,0
890,第一刃区,0,,0,0,1,0,0,,0
891,勘查坑深层,0,,0,0,1,0,0,,0
892,第七区,0,,0,0,1,0,0,,0
893,第四区,0,,0,0,1,0,0,,0
894,第二区,0,,0,0,1,0,0,,0
895,第一区,0,,0,0,1,0,0,,0
896,第三区,0,,0,0,1,0,0,,0
897,第五区,0,,0,0,1,0,0,,0
898,第六区,0,,0,0,1,0,0,,0
899,引擎室,0,,0,0,1,0,0,,0
900,压缩室,0,,0,0,1,0,0,,0
901,推进室,0,,0,0,1,0,0,,0
902,隔离壁,0,,0,0,1,0,0,,0
903,巴哈姆特的右手,0,,0,0,1,0,0,,0
904,第一舰桥,0,,0,0,1,0,0,,0
905,升降区,0,,0,0,1,0,0,,0
906,第十二刃区,0,,0,0,1,0,0,,0
907,第十一刃区,0,,0,0,1,0,0,,0
908,第十刃区,0,,0,0,1,0,0,,0
909,第九刃区,0,,0,0,1,0,0,,0
910,第八刃区,0,,0,0,1,0,0,,0
911,第七刃区,0,,0,0,1,0,0,,0
912,第六刃区,0,,0,0,1,0,0,,0
913,第五刃区,0,,0,0,1,0,0,,0
914,第四刃区,0,,0,0,1,0,0,,0
915,第三刃区,0,,0,0,1,0,0,,0
916,第二刃区,0,,0,0,1,0,0,,0
917,防卫指挥室,0,,0,0,1,0,0,,0
918,群狼困斗,0,,0,0,1,0,0,,0
919,拘束舰,0,,0,0,1,0,0,,0
920,六角梯,0,,0,0,1,0,0,,0
921,拘束舰隔离壁,0,,0,0,1,0,0,,0
922,要塞外围,0,,0,0,1,0,0,,0
923,要塞中城,0,,0,0,1,0,0,,0
924,引擎室,0,,0,0,1,0,0,,0
925,压缩室,0,,0,0,1,0,0,,0
926,推进室,0,,0,0,1,0,0,,0
927,天狼星灯塔,0,,0,0,1,0,0,,0
928,第二塔基,0,,0,0,1,0,0,,0
929,以太贮藏室,0,,0,0,1,0,0,,0
930,以太压缩室,0,,0,0,1,0,0,,0
931,天狼星灯室,0,,0,0,1,0,0,,0
932,第三塔基,0,,0,0,1,0,0,,0
933,第四塔基,0,,0,0,1,0,0,,0
934,以太抽送室,0,,0,0,1,0,0,,0
935,5层,0,,0,0,1,0,0,,0
936,4层,0,,0,0,1,0,0,,0
937,3层,0,,0,0,1,0,0,,0
938,2层,0,,0,0,1,0,0,,0
939,1层,0,,0,0,1,0,0,,0
940,地下1层,0,,0,0,1,0,0,,0
941,水晶门,0,,0,0,1,0,0,,0
942,八剑士前庭,0,,0,0,1,0,0,,0
943,第七天堂,0,,0,0,1,0,0,,0
944,第789洞穴团采矿地,0,,0,0,1,0,0,,0
945,诺布养育场,0,,0,0,1,0,0,,0
946,月影岛,0,,0,0,1,0,0,,0
947,海上的商船,0,,0,0,1,0,0,,0
948,海上的海盗船,0,,0,0,1,0,0,,0
949,海归墓碑,0,,0,0,1,0,0,,0
950,未知钓场,0,,0,0,1,0,0,,0
951,叶脉水系,0,,0,0,1,0,0,,0
952,镜池,0,,0,0,1,0,0,,0
953,落翠底,0,,0,0,1,0,0,,0
954,涟漪小川,0,,0,0,1,0,0,,0
955,妖精领溪谷,0,,0,0,1,0,0,,0
956,哈希瓦河上游,0,,0,0,1,0,0,,0
957,哈希瓦河中游,0,,0,0,1,0,0,,0
958,哈希瓦河下游,0,,0,0,1,0,0,,0
959,哈希瓦河东支流,0,,0,0,1,0,0,,0
960,哥布林血流,0,,0,0,1,0,0,,0
961,嘈杂川,0,,0,0,1,0,0,,0
962,秋瓜湖畔,0,,0,0,1,0,0,,0
963,塔赫托特尔湖,0,,0,0,1,0,0,,0
964,翡翠湖滨,0,,0,0,1,0,0,,0
965,红茶川水系下游,0,,0,0,1,0,0,,0
966,纠缠沼泽林源流,0,,0,0,1,0,0,,0
967,歌咏裂谷北部,0,,0,0,1,0,0,,0
968,库尔札斯河,0,,0,0,1,0,0,,0
969,剑峰山麓,0,,0,0,1,0,0,,0
970,巨龙首营地水库,0,,0,0,1,0,0,,0
971,调查队冰洞,0,,0,0,1,0,0,,0
972,伊修加德大云海,0,,0,0,1,0,0,,0
973,和风流地沿岸,0,,0,0,1,0,0,,0
974,盛夏滩沿岸,0,,0,0,1,0,0,,0
975,西永恒川,0,,0,0,1,0,0,,0
976,莫拉比湾西岸,0,,0,0,1,0,0,,0
977,雪松原沿岸地,0,,0,0,1,0,0,,0
978,南鲜血滨,0,,0,0,1,0,0,,0
979,北鲜血滨,0,,0,0,1,0,0,,0
980,东永恒川,0,,0,0,1,0,0,,0
981,接雨草沼泽地,0,,0,0,1,0,0,,0
982,骷髅谷沿岸地,0,,0,0,1,0,0,,0
983,二分石沿岸地,0,,0,0,1,0,0,,0
984,幻影群岛北岸,0,,0,0,1,0,0,,0
985,幻影群岛南岸,0,,0,0,1,0,0,,0
986,石绿湖南岸,0,,0,0,1,0,0,,0
987,石绿湖东北岸,0,,0,0,1,0,0,,0
988,石绿湖浅滩,0,,0,0,1,0,0,,0
989,登天路溪谷,0,,0,0,1,0,0,,0
990,污流上游,0,,0,0,1,0,0,,0
991,污流下游,0,,0,0,1,0,0,,0
992,枯骨北泉,0,,0,0,1,0,0,,0
993,枯骨南泉,0,,0,0,1,0,0,,0
994,紫红河,0,,0,0,1,0,0,,0
995,不悔战泉,0,,0,0,1,0,0,,0
996,撒沟厉沙海,0,,0,0,1,0,0,,0
997,撒沟厉沙丘,0,,0,0,1,0,0,,0
998,蓝雾涌泉,0,,0,0,1,0,0,,0
999,红茶川水系上游,0,,0,0,1,0,0,,0
1000,低语河谷,0,,0,0,1,0,0,,0
1001,罗塔诺海（船首）,0,,0,0,1,0,0,,0
1002,罗塔诺海（船尾）,0,,0,0,1,0,0,,0
1003,库尔札斯不冻池,0,,0,0,1,0,0,,0
1004,清澈池,0,,0,0,1,0,0,,0
1005,灾祸池南,0,,0,0,1,0,0,,0
1006,灾祸池西,0,,0,0,1,0,0,,0
1007,彻悟岩窟西,0,,0,0,1,0,0,,0
1008,沙利亚克河上流,0,,0,0,1,0,0,,0
1009,沙利亚克河中流,0,,0,0,1,0,0,,0
1010,索姆阿尔云帽,0,,0,0,1,0,0,,0
1011,废液池,0,,0,0,1,0,0,,0
1012,石绿湖西北岸,0,,0,0,1,0,0,,0
1013,永夏岛北,0,,0,0,1,0,0,,0
1014,提蒙河,0,,0,0,1,0,0,,0
1015,昏暗林,0,,0,0,1,0,0,,0
1016,流星尾,0,,0,0,1,0,0,,0
1017,威罗迪纳河,0,,0,0,1,0,0,,0
1018,幻河,0,,0,0,1,0,0,,0
1019,夫妇池,0,,0,0,1,0,0,,0
1020,慢水涤,0,,0,0,1,0,0,,0
1021,石楠瀑布,0,,0,0,1,0,0,,0
1022,判官神像,0,,0,0,1,0,0,,0
1023,猛牛浴池,0,,0,0,1,0,0,,0
1024,阿拉基利水源地,0,,0,0,1,0,0,,0
1025,赎罪之腕,0,,0,0,1,0,0,,0
1026,盐湖,0,,0,0,1,0,0,,0
1027,红玉炮台近海,0,,0,0,1,0,0,,0
1028,狱之盖近海,0,,0,0,1,0,0,,0
1029,龟甲岛近海,0,,0,0,1,0,0,,0
1030,冲之岩近海,0,,0,0,1,0,0,,0
1031,自凝岛近海,0,,0,0,1,0,0,,0
1032,渔村沿岸,0,,0,0,1,0,0,,0
1033,绝鬼岛近海,0,,0,0,1,0,0,,0
1034,苍鹭池,0,,0,0,1,0,0,,0
1035,苍鹭河,0,,0,0,1,0,0,,0
1036,茨菰村水塘,0,,0,0,1,0,0,,0
1037,多玛城前,0,,0,0,1,0,0,,0
1038,城下码头,0,,0,0,1,0,0,,0
1039,无二江东,0,,0,0,1,0,0,,0
1040,无二江西,0,,0,0,1,0,0,,0
1041,梅泉乡,0,,0,0,1,0,0,,0
1042,七彩沟,0,,0,0,1,0,0,,0
1043,七彩溪谷,0,,0,0,1,0,0,,0
1044,朵塔儿水洲,0,,0,0,1,0,0,,0
1045,太阳湖,0,,0,0,1,0,0,,0
1046,涅木卡勒河,0,,0,0,1,0,0,,0
1047,塔奥卡勒河,0,,0,0,1,0,0,,0
1048,亚特卡勒河下游,0,,0,0,1,0,0,,0
1049,亚特卡勒河上游,0,,0,0,1,0,0,,0
1050,监狱废墟托托·拉克千狱,0,,0,0,1,0,0,,0
1051,地下灵殿塔姆·塔拉墓园,0,,0,0,1,0,0,,0
1052,封锁坑道铜铃铜山,0,,0,0,1,0,0,,0
1053,天然要害沙斯塔夏溶洞,0,,0,0,1,0,0,,0
1054,毒雾洞窟黄金谷,0,,0,0,1,0,0,,0
1055,名门府邸静语庄园,0,,0,0,1,0,0,,0
1056,魔兽领域日影地修炼所,0,,0,0,1,0,0,,0
1057,休养胜地布雷福洛克斯野营地,0,,0,0,1,0,0,,0
1058,古代遗迹喀恩埋没圣堂,0,,0,0,1,0,0,,0
1059,神灵圣域放浪神古神殿,0,,0,0,1,0,0,,0
1060,对龙城塞石卫塔,0,,0,0,1,0,0,,0
1061,流沙迷宫樵鸣洞,0,,0,0,1,0,0,,0
1062,山中战线泽梅尔要塞,0,,0,0,1,0,0,,0
1063,邪教驻地无限城古堡,0,,0,0,1,0,0,,0
1064,领航明灯天狼星灯塔,0,,0,0,1,0,0,,0
1065,骚乱坑道铜铃铜山,0,,0,0,1,0,0,,0
1066,恶灵府邸静语庄园,0,,0,0,1,0,0,,0
1067,纷争要地布雷福洛克斯野营地,0,,0,0,1,0,0,,0
1068,剑斗领域日影地修炼所,0,,0,0,1,0,0,,0
1069,腐坏遗迹无限城市街古迹,0,,0,0,1,0,0,,0
1070,,0,,0,0,0,0,0,,0
1071,,0,,0,0,0,0,0,,0
1072,,0,,0,0,0,0,0,,0
1073,,0,,0,0,0,0,0,,0
1074,,0,,0,0,0,0,0,,0
1075,,0,,0,0,0,0,0,,0
1076,,0,,0,0,0,0,0,,0
1077,,0,,0,0,0,0,0,,0
1078,,0,,0,0,0,0,0,,0
1079,,0,,0,0,0,0,0,,0
1080,,0,,0,0,0,0,0,,0
1081,,0,,0,0,0,0,0,,0
1082,,0,,0,0,0,0,0,,0
1083,,0,,0,0,0,0,0,,0
1084,,0,,0,0,0,0,0,,0
1085,,0,,0,0,0,0,0,,0
1086,,0,,0,0,0,0,0,,0
1087,,0,,0,0,0,0,0,,0
1088,,0,,0,0,0,0,0,,0
1089,,0,,0,0,0,0,0,,0
1090,,0,,0,0,0,0,0,,0
1091,,0,,0,0,0,0,0,,0
1092,,0,,0,0,0,0,0,,0
1093,,0,,0,0,0,0,0,,0
1094,,0,,0,0,0,0,0,,0
1095,,0,,0,0,0,0,0,,0
1096,,0,,0,0,0,0,0,,0
1097,,0,,0,0,0,0,0,,0
1098,,0,,0,0,0,0,0,,0
1099,,0,,0,0,0,0,0,,0
1100,海雾村私人小屋,0,,0,0,1,0,0,,0
1101,海雾村私人公馆,0,,0,0,1,0,0,,0
1102,海雾村私人别墅,0,,0,0,1,0,0,,0
1103,高脚孤丘私人小屋,0,,0,0,1,0,0,,0
1104,高脚孤丘私人公馆,0,,0,0,1,0,0,,0
1105,高脚孤丘私人别墅,0,,0,0,1,0,0,,0
1106,薰衣草苗圃私人小屋,0,,0,0,1,0,0,,0
1107,薰衣草苗圃私人公馆,0,,0,0,1,0,0,,0
1108,薰衣草苗圃私人别墅,0,,0,0,1,0,0,,0
1109,1层,0,,0,0,1,0,0,,0
1110,2层,0,,0,0,1,0,0,,0
1111,地下1层,0,,0,0,1,0,0,,0
1112,1层,0,,0,0,1,0,0,,0
1113,2层,0,,0,0,1,0,0,,0
1114,地下1层,0,,0,0,1,0,0,,0
1115,1,0,,0,0,1,0,0,,0
1116,2,0,,0,0,1,0,0,,0
1117,3,0,,0,0,1,0,0,,0
1118,4,0,,0,0,1,0,0,,0
1119,5,0,,0,0,1,0,0,,0
1120,6,0,,0,0,1,0,0,,0
1121,7,0,,0,0,1,0,0,,0
1122,8,0,,0,0,1,0,0,,0
1123,9,0,,0,0,1,0,0,,0
1124,10,0,,0,0,1,0,0,,0
1125,11,0,,0,0,1,0,0,,0
1126,12,0,,0,0,1,0,0,,0
1127,13,0,,0,0,1,0,0,,0
1128,14,0,,0,0,1,0,0,,0
1129,15,0,,0,0,1,0,0,,0
1130,16,0,,0,0,1,0,0,,0
1131,17,0,,0,0,1,0,0,,0
1132,18,0,,0,0,1,0,0,,0
1133,19,0,,0,0,1,0,0,,0
1134,20,0,,0,0,1,0,0,,0
1135,21,0,,0,0,1,0,0,,0
1136,22,0,,0,0,1,0,0,,0
1137,23,0,,0,0,1,0,0,,0
1138,24,0,,0,0,1,0,0,,0
1139,25,0,,0,0,1,0,0,,0
1140,26,0,,0,0,1,0,0,,0
1141,27,0,,0,0,1,0,0,,0
1142,28,0,,0,0,1,0,0,,0
1143,29,0,,0,0,1,0,0,,0
1144,30,0,,0,0,1,0,0,,0
1145,部队房屋,0,,0,0,1,0,0,,0
1146,房屋管理人,0,,0,0,1,0,0,,0
1147,1层,0,,0,0,1,0,0,,0
1148,地下1层,0,,0,0,1,0,0,,0
1149,海雾村码头,0,,0,0,1,0,0,,0
1150,海雾村东区,0,,0,0,1,0,0,,0
1151,薰衣草苗圃东区,0,,0,0,1,0,0,,0
1152,高脚孤丘北区,0,,0,0,1,0,0,,0
1153,高脚孤丘东南区,0,,0,0,1,0,0,,0
1154,高脚孤丘领路人,0,,0,0,1,0,0,,0
1155,海雾村南区,0,,0,0,1,0,0,,0
1156,海雾村南区码头,0,,0,0,1,0,0,,0
1157,海雾村个人房间,0,,0,0,1,0,0,,0
1158,高脚孤丘个人房间,0,,0,0,1,0,0,,0
1159,薰衣草苗圃个人房间,0,,0,0,1,0,0,,0
1160,个人房屋,0,,0,0,1,0,0,,0
1161,海雾村,0,,0,0,1,0,0,,0
1162,[扩建区]海雾村,0,,0,0,1,0,0,,0
1163,高脚孤丘,0,,0,0,1,0,0,,0
1164,[扩建区]高脚孤丘,0,,0,0,1,0,0,,0
1165,薰衣草苗圃,0,,0,0,1,0,0,,0
1166,[扩建区]薰衣草苗圃,0,,0,0,1,0,0,,0
1167,[扩建区]海雾沙滩,0,,0,0,1,0,0,,0
1168,[扩建区]雾门广场,0,,0,0,1,0,0,,0
1169,[扩建区]海将水渠,0,,0,0,1,0,0,,0
1170,[扩建区]观海贸易路,0,,0,0,1,0,0,,0
1171,[扩建区]海雾村东北区,0,,0,0,1,0,0,,0
1172,[扩建区]海雾村东南区,0,,0,0,1,0,0,,0
1173,[扩建区]海雾村中央区,0,,0,0,1,0,0,,0
1174,[扩建区]海雾村西北区（码头）,0,,0,0,1,0,0,,0
1175,[扩建区]海雾村西南区,0,,0,0,1,0,0,,0
1176,[扩建区]观海贸易路（住宅区管理人）,0,,0,0,1,0,0,,0
1177,[扩建区]神纳大树,0,,0,0,1,0,0,,0
1178,[扩建区]树冠商店街,0,,0,0,1,0,0,,0
1179,[扩建区]镇守石门,0,,0,0,1,0,0,,0
1180,[扩建区]芳草商店街,0,,0,0,1,0,0,,0
1181,[扩建区]薰衣草苗圃东北区,0,,0,0,1,0,0,,0
1182,[扩建区]薰衣草苗圃南区,0,,0,0,1,0,0,,0
1183,[扩建区]薰衣草苗圃西北区,0,,0,0,1,0,0,,0
1184,[扩建区]薰衣草苗圃西南区,0,,0,0,1,0,0,,0
1185,[扩建区]雅努·帕庭院,0,,0,0,1,0,0,,0
1186,[扩建区]紫水栈桥,0,,0,0,1,0,0,,0
1187,[扩建区]树冠商店街（住宅区管理人）,0,,0,0,1,0,0,,0
1188,[扩建区]不息风口,0,,0,0,1,0,0,,0
1189,[扩建区]高脚市场,0,,0,0,1,0,0,,0
1190,[扩建区]雄心广场,0,,0,0,1,0,0,,0
1191,[扩建区]娜娜莫大风车,0,,0,0,1,0,0,,0
1192,[扩建区]铁腕台,0,,0,0,1,0,0,,0
1193,[扩建区]高脚孤丘东区,0,,0,0,1,0,0,,0
1194,[扩建区]高脚孤丘北区,0,,0,0,1,0,0,,0
1195,[扩建区]高脚孤丘东南区,0,,0,0,1,0,0,,0
1196,[扩建区]高脚孤丘南区,0,,0,0,1,0,0,,0
1197,[扩建区]高脚孤丘西南区,0,,0,0,1,0,0,,0
1198,[扩建区]高脚市场（住宅区管理人）,0,,0,0,1,0,0,,0
1199,[扩建区]海雾村码头,0,,0,0,1,0,0,,0
1200,雾门广场,0,,0,0,1,0,0,,0
1201,海将水渠,0,,0,0,1,0,0,,0
1202,观海贸易路,0,,0,0,1,0,0,,0
1203,海雾沙滩,0,,0,0,1,0,0,,0
1204,海雾村西北区,0,,0,0,1,0,0,,0
1205,海雾村东北区,0,,0,0,1,0,0,,0
1206,观海贸易路（住宅区管理人）,0,,0,0,1,0,0,,0
1207,海雾村东南区,0,,0,0,1,0,0,,0
1208,高脚市场,0,,0,0,1,0,0,,0
1209,不息风口,0,,0,0,1,0,0,,0
1210,雄心广场,0,,0,0,1,0,0,,0
1211,娜娜莫大风车,0,,0,0,1,0,0,,0
1212,铁腕台,0,,0,0,1,0,0,,0
1213,高脚市场（住宅区管理人）,0,,0,0,1,0,0,,0
1214,高脚孤丘东北区,0,,0,0,1,0,0,,0
1215,高脚孤丘西区,0,,0,0,1,0,0,,0
1216,高脚孤丘东区,0,,0,0,1,0,0,,0
1217,树冠商店街,0,,0,0,1,0,0,,0
1218,神纳大树,0,,0,0,1,0,0,,0
1219,镇守石门,0,,0,0,1,0,0,,0
1220,芳草商店街,0,,0,0,1,0,0,,0
1221,雅努·帕庭院,0,,0,0,1,0,0,,0
1222,紫水栈桥,0,,0,0,1,0,0,,0
1223,薰衣草苗圃西北区,0,,0,0,1,0,0,,0
1224,薰衣草苗圃东南区,0,,0,0,1,0,0,,0
1225,薰衣草苗圃西南区,0,,0,0,1,0,0,,0
1226,树冠商店街（住宅区管理人）,0,,0,0,1,0,0,,0
1227,海雾村部队工房,0,,0,0,1,0,0,,0
1228,高脚孤丘部队工房,0,,0,0,1,0,0,,0
1229,薰衣草苗圃部队工房,0,,0,0,1,0,0,,0
1230,以太之光,0,,0,0,1,0,0,,0
1231,都市传送网,0,,0,0,1,0,0,,0
1232,商店,0,,0,0,1,0,0,,0
1233,修理,0,,0,0,1,0,0,,0
1234,莫古邮件,0,,0,0,1,0,0,,0
1235,传唤铃,0,,0,0,1,0,0,,0
1236,雇员柜台,0,,0,0,1,0,0,,0
1237,通讯贝办理处,0,,0,0,1,0,0,,0
1238,部队储物柜,0,,0,0,1,0,0,,0
1239,传唤铃（旅馆内）,0,,0,0,1,0,0,,0
1240,睡床（旅馆内）,0,,0,0,1,0,0,,0
1241,访客留言本,0,,0,0,1,0,0,,0
1242,简易以太之光,0,,0,0,1,0,0,,0
1243,迷宫,0,,0,0,1,0,0,,0
1244,码头,0,,0,0,1,0,0,,0
1245,码头,0,,0,0,1,0,0,,0
1246,搭乘点,0,,0,0,1,0,0,,0
1247,集落,0,,0,0,1,0,0,,0
1248,旅馆,0,,0,0,1,0,0,,0
1249,冒险者行会,0,,0,0,1,0,0,,0
1250,通往上层,0,,0,0,1,0,0,,0
1251,通往下层,0,,0,0,1,0,0,,0
1252,切换场景,0,,0,0,1,0,0,,0
1253,蜥蜴人族据点,0,,0,0,1,0,0,,0
1254,妖精族据点,0,,0,0,1,0,0,,0
1255,鸟人族据点,0,,0,0,1,0,0,,0
1256,鱼人族据点,0,,0,0,1,0,0,,0
1257,地灵族据点,0,,0,0,1,0,0,,0
1258,剑术师行会,0,,0,0,1,0,0,,0
1259,格斗家行会,0,,0,0,1,0,0,,0
1260,斧术师行会,0,,0,0,1,0,0,,0
1261,枪术师行会,0,,0,0,1,0,0,,0
1262,弓箭手行会,0,,0,0,1,0,0,,0
1263,幻术师行会,0,,0,0,1,0,0,,0
1264,咒术师行会,0,,0,0,1,0,0,,0
1265,秘术师行会,0,,0,0,1,0,0,,0
1266,刻木匠行会,0,,0,0,1,0,0,,0
1267,锻铁匠行会,0,,0,0,1,0,0,,0
1268,铸甲匠行会,0,,0,0,1,0,0,,0
1269,雕金匠行会,0,,0,0,1,0,0,,0
1270,制革匠行会,0,,0,0,1,0,0,,0
1271,裁衣匠行会,0,,0,0,1,0,0,,0
1272,炼金术士行会,0,,0,0,1,0,0,,0
1273,烹调师行会,0,,0,0,1,0,0,,0
1274,采矿工行会,0,,0,0,1,0,0,,0
1275,园艺工行会,0,,0,0,1,0,0,,0
1276,捕鱼人行会,0,,0,0,1,0,0,,0
1277,黑涡军令部,0,,0,0,1,0,0,,0
1278,蛇巢司令部,0,,0,0,1,0,0,,0
1279,恒辉作战总部,0,,0,0,1,0,0,,0
1280,房屋管理人,0,,0,0,1,0,0,,0
1281,市场布告板,0,,0,0,1,0,0,,0
1282,决斗区,0,,0,0,1,0,0,,0
1283,大型任务,0,,0,0,1,0,0,,0
1284,黑涡团阵营,0,,0,0,1,0,0,,0
1285,双蛇党阵营,0,,0,0,1,0,0,,0
1286,恒辉队阵营,0,,0,0,1,0,0,,0
1287,怪物狩猎告示板,0,,0,0,1,0,0,,0
1288,天气预报员,0,,0,0,1,0,0,,0
1289,双剑师行会,0,,0,0,1,0,0,,0
1290,金碟工作人员,0,,0,0,1,0,0,,0
1291,圣冈里奥尔占星院,0,,0,0,1,0,0,,0
1292,天钢机工房,0,,0,0,1,0,0,,0
1293,运输站,0,,0,0,1,0,0,,0
1294,移动到其他区域,0,,0,0,1,0,0,,0
1295,专家认证,0,,0,0,1,0,0,,0
1296,魔晶石师傅,0,,0,0,1,0,0,,0
1297,天书奇谈,0,,0,0,1,0,0,,0
1298,老主顾交易,0,,0,0,1,0,0,,0
1299,交易员,0,,0,0,1,0,0,,0
1300,内部以太之光,0,,0,0,1,0,0,,0
1301,陨石背阴地,0,,0,0,1,0,0,,0
1302,拘束舰外围,0,,0,0,1,0,0,,0
1303,诸神黄昏级三号舰舰体中央,0,,0,0,1,0,0,,0
1304,诸神黄昏级三号舰作战室,0,,0,0,1,0,0,,0
1305,诸神黄昏级三号舰第一舰桥,0,,0,0,1,0,0,,0
1306,开拓的山路,0,,0,0,1,0,0,,0
1307,巨像兵血路,0,,0,0,1,0,0,,0
1308,破损的门前,0,,0,0,1,0,0,,0
1309,培养器搬运臂,0,,0,0,1,0,0,,0
1310,生体管理区,0,,0,0,1,0,0,,0
1311,生体传送区,0,,0,0,1,0,0,,0
1312,毁坏的外部隔离壁,0,,0,0,1,0,0,,0
1313,上甲板,0,,0,0,1,0,0,,0
1314,主甲板,0,,0,0,1,0,0,,0
1315,下甲板,0,,0,0,1,0,0,,0
1316,左舷第14区间,0,,0,0,1,0,0,,0
1317,右舷第13区间,0,,0,0,1,0,0,,0
1318,左舷第12区间,0,,0,0,1,0,0,,0
1319,右舷第11区间,0,,0,0,1,0,0,,0
1320,左舷第10区间,0,,0,0,1,0,0,,0
1321,右舷第9区间,0,,0,0,1,0,0,,0
1322,中枢第8区间,0,,0,0,1,0,0,,0
1323,中枢第7区间,0,,0,0,1,0,0,,0
1324,左舷第6区间,0,,0,0,1,0,0,,0
1325,右舷第5区间,0,,0,0,1,0,0,,0
1326,左舷第4区间,0,,0,0,1,0,0,,0
1327,右舷第3区间,0,,0,0,1,0,0,,0
1328,左舷第2区间,0,,0,0,1,0,0,,0
1329,右舷第1区间,0,,0,0,1,0,0,,0
1330,中枢舰首区,0,,0,0,1,0,0,,0
1331,蛮斗间,0,,0,0,1,0,0,,0
1332,剑斗士大堂,0,,0,0,1,0,0,,0
1333,日影地修炼所（剑斗领域）,0,,0,0,1,0,0,,0
1334,对利维亚桑双体船,0,,0,0,1,0,0,,0
1335,腐坏的街道,0,,0,0,1,0,0,,0
1336,封魔洞,0,,0,0,1,0,0,,0
1337,第一桥柱,0,,0,0,1,0,0,,0
1338,第二桥柱,0,,0,0,1,0,0,,0
1339,水源地近路,0,,0,0,1,0,0,,0
1340,入侵者临时桥,0,,0,0,1,0,0,,0
1341,布雷福洛克斯废品场,0,,0,0,1,0,0,,0
1342,入侵者阵营,0,,0,0,1,0,0,,0
1343,腐坏的大路,0,,0,0,1,0,0,,0
1344,和平的残滓,0,,0,0,1,0,0,,0
1345,白魔法师塔,0,,0,0,1,0,0,,0
1346,梦想宫,0,,0,0,1,0,0,,0
1347,封魔洞,0,,0,0,1,0,0,,0
1348,恶梦舞场,0,,0,0,1,0,0,,0
1349,临时关门,0,,0,0,1,0,0,,0
1350,拂晓之间,0,,0,0,1,0,0,,0
1351,布雷福洛克斯野营地（纷争要地）,0,,0,0,1,0,0,,0
1352,来生回廊领路人,0,,0,0,1,0,0,,0
1353,培养层,0,,0,0,1,0,0,,0
1354,管理层,0,,0,0,1,0,0,,0
1355,主仓库,0,,0,0,1,0,0,,0
1356,升天阶梯,0,,0,0,1,0,0,,0
1357,群狼大厅,0,,0,0,1,0,0,,0
1358,螺旋回廊,0,,0,0,1,0,0,,0
1359,守卫竞技场,0,,0,0,1,0,0,,0
1360,黄金回廊,0,,0,0,1,0,0,,0
1361,皇家歌剧场,0,,0,0,1,0,0,,0
1362,始皇宝座,0,,0,0,1,0,0,,0
1363,神判古树,0,,0,0,1,0,0,,0
1364,双蛇党阵营,0,,0,0,1,0,0,,0
1365,恒辉队阵营,0,,0,0,1,0,0,,0
1366,黑涡团阵营,0,,0,0,1,0,0,,0
1367,双蛇党前哨,0,,0,0,1,0,0,,0
1368,恒辉队前哨,0,,0,0,1,0,0,,0
1369,黑涡团前哨,0,,0,0,1,0,0,,0
1370,亚拉戈市场遗迹,0,,0,0,1,0,0,,0
1371,亚拉戈太阳神殿,0,,0,0,1,0,0,,0
1372,亚拉戈庄园遗迹,0,,0,0,1,0,0,,0
1373,太阳之路防卫塔,0,,0,0,1,0,0,,0
1374,加尔提诺平原周边遗迹群,0,,0,0,1,0,0,,0
1375,塔姆·塔拉墓园（惨剧灵殿）,0,,0,0,1,0,0,,0
1376,石卫塔（激战城塞）,0,,0,0,1,0,0,,0
1377,破舰岛,0,,0,0,1,0,0,,0
1378,雾须一伙的基地,0,,0,0,1,0,0,,0
1379,秘密宝物库,0,,0,0,1,0,0,,0
1380,海雾号旗舰,0,,0,0,1,0,0,,0
1381,生存者海岸,0,,0,0,1,0,0,,0
1382,小型礼堂,0,,0,0,1,0,0,,0
1383,以太之光广场（格斗家行会/恒辉队）,0,,0,0,1,0,0,,0
1384,以太之光广场（冒险者行会/刻木匠行会/双蛇党）,0,,0,0,1,0,0,,0
1385,长风实验场,0,,0,0,1,0,0,,0
1386,呻吟池,0,,0,0,1,0,0,,0
1387,落潮密道,0,,0,0,1,0,0,,0
1388,被占领的基地,0,,0,0,1,0,0,,0
1389,隐秘栈桥,0,,0,0,1,0,0,,0
1390,戒律之茧,0,,0,0,1,0,0,,0
1391,久远圣堂,0,,0,0,1,0,0,,0
1392,罗薇娜会馆,0,,0,0,1,0,0,,0
1393,钻石工房,0,,0,0,1,0,0,,0
1394,异端者隧道,0,,0,0,1,0,0,,0
1395,宁静冰洞,0,,0,0,1,0,0,,0
1396,风雪断崖,0,,0,0,1,0,0,,0
1397,异端者秘洞,0,,0,0,1,0,0,,0
1398,冰柱圆庭,0,,0,0,1,0,0,,0
1399,无尽轮回剧场,0,,0,0,1,0,0,,0
1400,临时牢狱,0,,0,0,1,0,0,,0
1401,排水管理室,0,,0,0,1,0,0,,0
1402,,0,,0,0,0,0,0,,0
1403,喀恩埋没圣堂（苏醒遗迹）,0,,0,0,1,0,0,,0
1404,拉拉弗托四世的地下庭园,0,,0,0,1,0,0,,0
1405,拉拉弗托一世的庭院,0,,0,0,1,0,0,,0
1406,诸神黄昏级六号舰舰体中央,0,,0,0,1,0,0,,0
1407,诸神黄昏级六号舰再生控制区,0,,0,0,1,0,0,,0
1408,诸神黄昏级六号舰第一舰桥,0,,0,0,1,0,0,,0
1409,龙炎核心,0,,0,0,1,0,0,,0
1410,诸神黄昏级四号舰第一舰桥,0,,0,0,1,0,0,,0
1411,生体管理区间,0,,0,0,1,0,0,,0
1412,第7生体区间,0,,0,0,1,0,0,,0
1413,第9生体区间,0,,0,0,1,0,0,,0
1414,第12生体区间,0,,0,0,1,0,0,,0
1415,精神接续区间,0,,0,0,1,0,0,,0
1416,第1信徒区间,0,,0,0,1,0,0,,0
1417,生体传送区,0,,0,0,1,0,0,,0
1418,再生控制区外壳,0,,0,0,1,0,0,,0
1419,再生控制区内壳,0,,0,0,1,0,0,,0
1420,一号舰管制区间,0,,0,0,1,0,0,,0
1421,八号舰管制区间,0,,0,0,1,0,0,,0
1422,九号舰管制区间,0,,0,0,1,0,0,,0
1423,四号舰管制区间,0,,0,0,1,0,0,,0
1424,二号舰管制区间,0,,0,0,1,0,0,,0
1425,拘束舰控制区间,0,,0,0,1,0,0,,0
1426,核心控制区间,0,,0,0,1,0,0,,0
1427,雪绒花商会,0,,0,0,1,0,0,,0
1428,码头小屋,0,,0,0,1,0,0,,0
1429,接待室,0,,0,0,1,0,0,,0
1430,地下,0,,0,0,1,0,0,,0
1431,暗之世界,0,,0,0,1,0,0,,0
1432,刻耳柏洛斯的胃袋,0,,0,0,1,0,0,,0
1433,妖眼领域,0,,0,0,1,0,0,,0
1434,妖龙领域,0,,0,0,1,0,0,,0
1435,妖犬领域,0,,0,0,1,0,0,,0
1436,暗黑领域,0,,0,0,1,0,0,,0
1437,刻耳柏洛斯的胃袋,0,,0,0,1,0,0,,0
1438,暗水之滨,0,,0,0,1,0,0,,0
1439,眼目之屿,0,,0,0,1,0,0,,0
1440,妖眼展台,0,,0,0,1,0,0,,0
1441,颈项之屿,0,,0,0,1,0,0,,0
1442,妖龙猎场,0,,0,0,1,0,0,,0
1443,口齿之屿,0,,0,0,1,0,0,,0
1444,妖犬门扉,0,,0,0,1,0,0,,0
1445,暗黑传送装置,0,,0,0,1,0,0,,0
1446,暗黑之壳,0,,0,0,1,0,0,,0
1447,无限城古堡（邪念妖地）,0,,0,0,1,0,0,,0
1448,悲愤的前庭,0,,0,0,1,0,0,,0
1449,苦涩的大堂,0,,0,0,1,0,0,,0
1450,灾厄的十字,0,,0,0,1,0,0,,0
1451,染血的舞厅,0,,0,0,1,0,0,,0
1452,海上的大型船,0,,0,0,1,0,0,,0
1453,雪绒花商会<br>[双剑师行会],0,,0,0,1,0,0,,0
1454,31,0,,0,0,1,0,0,,0
1455,32,0,,0,0,1,0,0,,0
1456,33,0,,0,0,1,0,0,,0
1457,34,0,,0,0,1,0,0,,0
1458,35,0,,0,0,1,0,0,,0
1459,36,0,,0,0,1,0,0,,0
1460,37,0,,0,0,1,0,0,,0
1461,38,0,,0,0,1,0,0,,0
1462,39,0,,0,0,1,0,0,,0
1463,40,0,,0,0,1,0,0,,0
1464,41,0,,0,0,1,0,0,,0
1465,42,0,,0,0,1,0,0,,0
1466,43,0,,0,0,1,0,0,,0
1467,44,0,,0,0,1,0,0,,0
1468,45,0,,0,0,1,0,0,,0
1469,46,0,,0,0,1,0,0,,0
1470,47,0,,0,0,1,0,0,,0
1471,48,0,,0,0,1,0,0,,0
1472,49,0,,0,0,1,0,0,,0
1473,50,0,,0,0,1,0,0,,0
1474,51,0,,0,0,1,0,0,,0
1475,52,0,,0,0,1,0,0,,0
1476,53,0,,0,0,1,0,0,,0
1477,54,0,,0,0,1,0,0,,0
1478,55,0,,0,0,1,0,0,,0
1479,56,0,,0,0,1,0,0,,0
1480,57,0,,0,0,1,0,0,,0
1481,58,0,,0,0,1,0,0,,0
1482,59,0,,0,0,1,0,0,,0
1483,60,0,,0,0,1,0,0,,0
1484,金碟游乐场,0,,0,0,1,0,0,,0
1485,入口广场,0,,0,0,1,0,0,,0
1486,以太之光广场,0,,0,0,1,0,0,,0
1487,幻卡广场,0,,0,0,1,0,0,,0
1488,奇妙广场,0,,0,0,1,0,0,,0
1489,圆形广场,0,,0,0,1,0,0,,0
1490,演出广场,0,,0,0,1,0,0,,0
1491,金碟飞艇坪,0,,0,0,1,0,0,,0
1492,综合柜台,0,,0,0,1,0,0,,0
1493,陆行鸟电梯,0,,0,0,1,0,0,,0
1494,巨人柱,0,,0,0,1,0,0,,0
1495,科瑞尔山,0,,0,0,1,0,0,,0
1496,主舞台,0,,0,0,1,0,0,,0
1497,仙人彩,0,,0,0,1,0,0,,0
1498,曼德维尔桌台区,0,,0,0,1,0,0,,0
1499,曼德维尔休息区,0,,0,0,1,0,0,,0
1500,陆行鸟广场,0,,0,0,1,0,0,,0
1501,竞赛柜台,0,,0,0,1,0,0,,0
1502,陆行鸟电梯,0,,0,0,1,0,0,,0
1503,旗舰船体,0,,0,0,1,0,0,,0
1504,帝国军临时营地,0,,0,0,1,0,0,,0
1505,漂浮气体填充区,0,,0,0,1,0,0,,0
1506,幻龙的背脊,0,,0,0,1,0,0,,0
1507,密约大堂,0,,0,0,1,0,0,,0
1508,（仮）第１障壁,0,,0,0,1,0,0,,0
1509,（仮）第2障壁,0,,0,0,1,0,0,,0
1510,对龙弩炮弗拉维安,0,,0,0,1,0,0,,0
1511,（仮）第3障壁,0,,0,0,1,0,0,,0
1512,对龙弩炮西尔韦特雷尔,0,,0,0,1,0,0,,0
1513,（仮）第4障壁,0,,0,0,1,0,0,,0
1514,对龙弩炮哈尔德拉斯,0,,0,0,1,0,0,,0
1515,圣徒门,0,,0,0,1,0,0,,0
1516,（仮）防衛橋エリア名,0,,0,0,1,0,0,,0
1517,以太之光广场,0,,0,0,1,0,0,,0
1518,入口广场（幻卡广场）,0,,0,0,1,0,0,,0
1519,奇妙广场东区（多玛方城战）,0,,0,0,1,0,0,,0
1520,奇妙广场西区,0,,0,0,1,0,0,,0
1521,演出广场,0,,0,0,1,0,0,,0
1522,仙人彩,0,,0,0,1,0,0,,0
1523,圆形广场,0,,0,0,1,0,0,,0
1524,陆行鸟广场,0,,0,0,1,0,0,,0
1525,低层,0,,0,0,1,0,0,,0
1526,中层,0,,0,0,1,0,0,,0
1527,高层,0,,0,0,1,0,0,,0
1528,1层,0,,0,0,1,0,0,,0
1529,3层,0,,0,0,1,0,0,,0
1530,地下1层,0,,0,0,1,0,0,,0
1531,外侧庭院,0,,0,0,1,0,0,,0
1532,骑兵驻所,0,,0,0,1,0,0,,0
1533,要塞内部,0,,0,0,1,0,0,,0
1534,阅兵会场,0,,0,0,1,0,0,,0
1535,作战会议室,0,,0,0,1,0,0,,0
1536,圣冈里奥尔礼拜堂,0,,0,0,1,0,0,,0
1537,要塞外墙,0,,0,0,1,0,0,,0
1538,终点,0,,0,0,1,0,0,,0
1539,空中飞石,0,,0,0,1,0,0,,0
1540,摇曳树群,0,,0,0,1,0,0,,0
1541,鸣水庭园,0,,0,0,1,0,0,,0
1542,飒瑟神岛,0,,0,0,1,0,0,,0
1543,呼风殿堂,0,,0,0,1,0,0,,0
1544,狂笑云社,0,,0,0,1,0,0,,0
1545,博物战舰综合甲板,0,,0,0,1,0,0,,0
1546,历史展示层,0,,0,0,1,0,0,,0
1547,兵器展示层,0,,0,0,1,0,0,,0
1548,博物战舰防卫甲板,0,,0,0,1,0,0,,0
1549,第三展示区,0,,0,0,1,0,0,,0
1550,特级合成兽培养室,0,,0,0,1,0,0,,0
1551,黛紫管制区,0,,0,0,1,0,0,,0
1552,绯红管制区,0,,0,0,1,0,0,,0
1553,翠绿管制区,0,,0,0,1,0,0,,0
1554,现实增强室,0,,0,0,1,0,0,,0
1555,舰首构造群,0,,0,0,1,0,0,,0
1556,左舷构造群,0,,0,0,1,0,0,,0
1557,右舷构造群,0,,0,0,1,0,0,,0
1558,礼拜堂中殿,0,,0,0,1,0,0,,0
1559,礼拜堂环廊,0,,0,0,1,0,0,,0
1560,内部庭园,0,,0,0,1,0,0,,0
1561,冰天宫,0,,0,0,1,0,0,,0
1562,教皇厅中殿,0,,0,0,1,0,0,,0
1563,圣托尔丹大圣堂,0,,0,0,1,0,0,,0
1564,礼拜堂升降室,0,,0,0,1,0,0,,0
1565,庭园东侧升降室,0,,0,0,1,0,0,,0
1566,庭园西侧升降室,0,,0,0,1,0,0,,0
1567,冰天宫升降室,0,,0,0,1,0,0,,0
1568,冰天宫圆堂,0,,0,0,1,0,0,,0
1569,,0,,0,0,1,0,0,,0
1570,圣歌队席,0,,0,0,1,0,0,,0
1571,庭园小厅,0,,0,0,1,0,0,,0
1572,冰天宫礼拜堂,0,,0,0,1,0,0,,0
1573,龙巢外围,0,,0,0,1,0,0,,0
1574,龙巢内部,0,,0,0,1,0,0,,0
1575,龙巢顶点,0,,0,0,1,0,0,,0
1576,舰体构造群,0,,0,0,1,0,0,,0
1577,堕落之光的命运,0,,0,0,1,0,0,,0
1578,宠物广场,0,,0,0,1,0,0,,0
1579,第66号前线培养室,0,,0,0,1,0,0,,0
1580,毁坏不堪的根基,0,,0,0,1,0,0,,0
1581,人类之罚,0,,0,0,1,0,0,,0
1582,邪龙台,0,,0,0,1,0,0,,0
1583,破损链接,0,,0,0,1,0,0,,0
1584,海蛇之喉,0,,0,0,1,0,0,,0
1585,尘封秘岩飞艇坪,0,,0,0,1,0,0,,0
1586,狭长侵蚀谷,0,,0,0,1,0,0,,0
1587,燕尾海岸,0,,0,0,1,0,0,,0
1588,先遣队采掘场,0,,0,0,1,0,0,,0
1589,主传送门,0,,0,0,1,0,0,,0
1590,机械兵器研究所,0,,0,0,1,0,0,,0
1591,物资搬运路,0,,0,0,1,0,0,,0
1592,物资分配场,0,,0,0,1,0,0,,0
1593,生物兵器研究所,0,,0,0,1,0,0,,0
1594,特殊警戒通路,0,,0,0,1,0,0,,0
1595,三斗神制御区,0,,0,0,1,0,0,,0
1596,拘束链,0,,0,0,1,0,0,,0
1597,玛文晶球,0,,0,0,1,0,0,,0
1598,试验机评测库,0,,0,0,1,0,0,,0
1599,评测场,0,,0,0,1,0,0,,0
1600,第七培养层,0,,0,0,1,0,0,,0
1601,第八培养层,0,,0,0,1,0,0,,0
1602,拘束仓,0,,0,0,1,0,0,,0
1603,机械兵器研究所,0,,0,0,1,0,0,,0
1604,生物兵器研究所,0,,0,0,1,0,0,,0
1605,三斗神制御区,0,,0,0,1,0,0,,0
1606,南坡,0,,0,0,1,0,0,,0
1607,灵脉,0,,0,0,1,0,0,,0
1608,不义山路,0,,0,0,1,0,0,,0
1609,碧崖,0,,0,0,1,0,0,,0
1610,红墓,0,,0,0,1,0,0,,0
1611,苍墓,0,,0,0,1,0,0,,0
1612,灵伤,0,,0,0,1,0,0,,0
1613,永望顶,0,,0,0,1,0,0,,0
1614,不义山路,0,,0,0,1,0,0,,0
1615,灵脉,0,,0,0,1,0,0,,0
1616,南坡,0,,0,0,1,0,0,,0
1617,默想阅览室,0,,0,0,1,0,0,,0
1618,幻想书库,0,,0,0,1,0,0,,0
1619,奇想谈话室,0,,0,0,1,0,0,,0
1620,以太学研究室,0,,0,0,1,0,0,,0
1621,博物学研究室,0,,0,0,1,0,0,,0
1622,梦想禁书库,0,,0,0,1,0,0,,0
1623,魔书翼廊,0,,0,0,1,0,0,,0
1624,占星学研究室,0,,0,0,1,0,0,,0
1625,狂想禁书库,0,,0,0,1,0,0,,0
1626,升降机,0,,0,0,1,0,0,,0
1627,升降机,0,,0,0,1,0,0,,0
1628,戈耳狄俄斯之拳,0,,0,0,1,0,0,,0
1629,第583整备坑道,0,,0,0,1,0,0,,0
1630,第262蒸汽机室,0,,0,0,1,0,0,,0
1631,第44机工兵仓库,0,,0,0,1,0,0,,0
1632,第8大型机库,0,,0,0,1,0,0,,0
1633,戈耳狄俄斯之袖,0,,0,0,1,0,0,,0
1634,第542整备坑道,0,,0,0,1,0,0,,0
1635,第541整备坑道,0,,0,0,1,0,0,,0
1636,第539整备坑道,0,,0,0,1,0,0,,0
1637,第12大型机库,0,,0,0,1,0,0,,0
1638,戈耳狄俄斯之臂,0,,0,0,1,0,0,,0
1639,第532整备坑道,0,,0,0,1,0,0,,0
1640,梯形会议室1层,0,,0,0,1,0,0,,0
1641,梯形会议室2层,0,,0,0,1,0,0,,0
1642,梯形会议室3层,0,,0,0,1,0,0,,0
1643,梯形会议室4层,0,,0,0,1,0,0,,0
1644,第9大型冷凝器,0,,0,0,1,0,0,,0
1645,戈耳狄俄斯之担,0,,0,0,1,0,0,,0
1646,陆行鸟广场（宠物广场）,0,,0,0,1,0,0,,0
1647,云冠群岛,0,,0,0,1,0,0,,0
1648,袖环上层,0,,0,0,1,0,0,,0
1649,袖环下层,0,,0,0,1,0,0,,0
1650,以太之光广场,0,,0,0,1,0,0,,0
1651,忘忧骑士亭前(圣瓦勒鲁瓦扬广场),0,,0,0,1,0,0,,0
1652,天钢机工房前(圣蕾内特广场),0,,0,0,1,0,0,,0
1653,云雾街,0,,0,0,1,0,0,,0
1654,圣冈里奥尔占星院前（伊修加德飞艇坪）,0,,0,0,1,0,0,,0
1655,市场(宝杖大街),0,,0,0,1,0,0,,0
1656,圣雷马诺大圣堂（圣恩达利姆神学院）,0,,0,0,1,0,0,,0
1657,神圣裁判所,0,,0,0,1,0,0,,0
1658,终卫要塞（福尔唐伯爵府）,0,,0,0,1,0,0,,0
1659,圣徒门(库尔札斯中央高地方面),0,,0,0,1,0,0,,0
1660,开发室,0,,0,0,1,0,0,,0
1661,制作人房间,0,,0,0,1,0,0,,0
1662,音乐室,0,,0,0,1,0,0,,0
1663,萌宠之王柜台,0,,0,0,1,0,0,,0
1664,狼狱演习场,0,,0,0,1,0,0,,0
1665,幻卡对局室,0,,0,0,1,0,0,,0
1666,亚历山大关节点,0,,0,0,1,0,0,,0
1667,戈耳狄俄斯之结,0,,0,0,1,0,0,,0
1668,4层　5层,0,,0,0,1,0,0,,0
1669,3层,0,,0,0,1,0,0,,0
1670,2层,0,,0,0,1,0,0,,0
1671,1层,0,,0,0,1,0,0,,0
1672,热带展示厅,0,,0,0,1,0,0,,0
1673,干燥带展示厅,0,,0,0,1,0,0,,0
1674,圣茉夏娜研究窟,0,,0,0,1,0,0,,0
1675,密林小路,0,,0,0,1,0,0,,0
1676,摇曳莲池,0,,0,0,1,0,0,,0
1677,腐臭庭园,0,,0,0,1,0,0,,0
1678,女王宝座,0,,0,0,1,0,0,,0
1679,芳香餐桌,0,,0,0,1,0,0,,0
1680,以太之光广场,0,,0,0,1,0,0,,0
1681,田园郡西,0,,0,0,1,0,0,,0
1682,序言门（龙堡内陆低地西方面）,0,,0,0,1,0,0,,0
1683,后记门（龙堡内陆低地东方面）,0,,0,0,1,0,0,,0
1684,地灵军地下坑道,0,,0,0,1,0,0,,0
1685,1层,0,,0,0,1,0,0,,0
1686,地下1层,0,,0,0,1,0,0,,0
1687,腐坏的街道,0,,0,0,1,0,0,,0
1688,飞翼领地,0,,0,0,1,0,0,,0
1689,魔晶堂,0,,0,0,1,0,0,,0
1690,守护圣域,0,,0,0,1,0,0,,0
1691,星渚,0,,0,0,1,0,0,,0
1692,最上下层,0,,0,0,1,0,0,,0
1693,最下上层,0,,0,0,1,0,0,,0
1694,贤者研究室,0,,0,0,1,0,0,,0
1695,隐者娱乐室,0,,0,0,1,0,0,,0
1696,空中魔法阵,0,,0,0,1,0,0,,0
1697,浮游舞台,0,,0,0,1,0,0,,0
1698,星海瞭望室,0,,0,0,1,0,0,,0
1699,蓝爪囚笼,0,,0,0,1,0,0,,0
1700,红牙囚笼,0,,0,0,1,0,0,,0
1701,腐坏的街道,0,,0,0,1,0,0,,0
1702,封魔洞,0,,0,0,1,0,0,,0
1703,魔晶堂,0,,0,0,1,0,0,,0
1704,无限城市街古迹（神圣遗迹）,0,,0,0,1,0,0,,0
1705,悲叹之庭,0,,0,0,1,0,0,,0
1706,静寂之殿,0,,0,0,1,0,0,,0
1707,悔恨之殿,0,,0,0,1,0,0,,0
1708,弥达斯之拳,0,,0,0,1,0,0,,0
1709,第721整备坑道,0,,0,0,1,0,0,,0
1710,第334蒸汽机室,0,,0,0,1,0,0,,0
1711,哥布林科学研究室,0,,0,0,1,0,0,,0
1712,第726整备坑道,0,,0,0,1,0,0,,0
1713,超最先端实验室,0,,0,0,1,0,0,,0
1714,弥达斯之袖,0,,0,0,1,0,0,,0
1715,袖环前部,0,,0,0,1,0,0,,0
1716,袖环后部,0,,0,0,1,0,0,,0
1717,第763整备坑道,0,,0,0,1,0,0,,0
1718,第66机工兵仓库,0,,0,0,1,0,0,,0
1719,第67机工兵仓库,0,,0,0,1,0,0,,0
1720,第68机工兵仓库,0,,0,0,1,0,0,,0
1721,第69机工兵仓库,0,,0,0,1,0,0,,0
1722,第70机工兵仓库,0,,0,0,1,0,0,,0
1723,弥达斯之臂,0,,0,0,1,0,0,,0
1724,左上臂,0,,0,0,1,0,0,,0
1725,科学城,0,,0,0,1,0,0,,0
1726,第796整备坑道,0,,0,0,1,0,0,,0
1727,第5机关塔,0,,0,0,1,0,0,,0
1728,科学城外围,0,,0,0,1,0,0,,0
1729,亚历山大科学城,0,,0,0,1,0,0,,0
1730,公开处刑广场,0,,0,0,1,0,0,,0
1731,弥达斯之担,0,,0,0,1,0,0,,0
1732,弥达斯之结,0,,0,0,1,0,0,,0
1733,荣誉野营地,0,,0,0,1,0,0,,0
1734,枭巢遗址,0,,0,0,1,0,0,,0
1735,暗鳞湖畔,0,,0,0,1,0,0,,0
1736,荣誉野挖掘地,0,,0,0,1,0,0,,0
1737,亚拉戈石文S1,0,,0,0,1,0,0,,0
1738,亚拉戈石文S2,0,,0,0,1,0,0,,0
1739,亚拉戈石文S3,0,,0,0,1,0,0,,0
1740,荣誉野,0,,0,0,1,0,0,,0
1741,破舰岛（黑涡传说）,0,,0,0,1,0,0,,0
1742,禁忌城邦玛哈,0,,0,0,1,0,0,,0
1743,亚菲姆湿地,0,,0,0,1,0,0,,0
1744,玛哈遗迹,0,,0,0,1,0,0,,0
1745,金字塔底层,0,,0,0,1,0,0,,0
1746,金字塔上层,0,,0,0,1,0,0,,0
1747,压缩世界,0,,0,0,1,0,0,,0
1748,金字塔顶层,0,,0,0,1,0,0,,0
1749,不洁湿地,0,,0,0,1,0,0,,0
1750,湿地小路,0,,0,0,1,0,0,,0
1751,玛哈市街,0,,0,0,1,0,0,,0
1752,金字塔陆桥,0,,0,0,1,0,0,,0
1753,基干通道,0,,0,0,1,0,0,,0
1754,警备通道,0,,0,0,1,0,0,,0
1755,怪球陈列所,0,,0,0,1,0,0,,0
1756,压缩世界,0,,0,0,1,0,0,,0
1757,上升通道,0,,0,0,1,0,0,,0
1758,[扩建区]薰衣草苗圃码头,0,,0,0,1,0,0,,0
1759,巴哈姆特大迷宫,0,,0,0,1,0,0,,0
1760,女王蛛猎场,0,,0,0,1,0,0,,0
1761,乖萨尔公园,0,,0,0,1,0,0,,0
1762,瑕托托纪念广场,0,,0,0,1,0,0,,0
1763,神谕祭坛,0,,0,0,1,0,0,,0
1764,操控之门,0,,0,0,1,0,0,,0
1765,奥兹玛大回廊,0,,0,0,1,0,0,,0
1766,契约石玄室,0,,0,0,1,0,0,,0
1767,哀伤之庭,0,,0,0,1,0,0,,0
1768,祈祷之身,0,,0,0,1,0,0,,0
1769,追忆之柱,0,,0,0,1,0,0,,0
1770,悲叹之园,0,,0,0,1,0,0,,0
1771,拉塔托斯克殿堂,0,,0,0,1,0,0,,0
1772,军兽训练区,0,,0,0,1,0,0,,0
1773,行军训练区,0,,0,0,1,0,0,,0
1774,海上训练区,0,,0,0,1,0,0,,0
1775,黑涡斗技场,0,,0,0,1,0,0,,0
1776,宝物库入口,0,,0,0,1,0,0,,0
1777,第一区,0,,0,0,1,0,0,,0
1778,第二区,0,,0,0,1,0,0,,0
1779,第三区,0,,0,0,1,0,0,,0
1780,第四区,0,,0,0,1,0,0,,0
1781,第五区,0,,0,0,1,0,0,,0
1782,第六区,0,,0,0,1,0,0,,0
1783,最终区,0,,0,0,1,0,0,,0
1784,中层,0,,0,0,1,0,0,,0
1785,最上层,0,,0,0,1,0,0,,0
1786,大溪谷隘路,0,,0,0,1,0,0,,0
1787,塔帕索利巢营,0,,0,0,1,0,0,,0
1788,塞尔法特尔山麓,0,,0,0,1,0,0,,0
1789,巢营门前,0,,0,0,1,0,0,,0
1790,塔帕索利斗技场,0,,0,0,1,0,0,,0
1791,风神祭坛,0,,0,0,1,0,0,,0
1792,塞尔法特尔溪谷,0,,0,0,1,0,0,,0
1793,死者宫殿,0,,0,0,1,0,0,,0
1794,个人练习场,0,,0,0,1,0,0,,0
1795,珍秘书库前台,0,,0,0,1,0,0,,0
1796,断想阅览室,0,,0,0,1,0,0,,0
1797,司书长室,0,,0,0,1,0,0,,0
1798,思想珍秘书库,0,,0,0,1,0,0,,0
1799,水城宝物库,0,,0,0,1,0,0,,0
1800,双蛇党军营,0,,0,0,1,0,0,,0
1801,恒辉队军营,0,,0,0,1,0,0,,0
1802,黑涡团军营,0,,0,0,1,0,0,,0
1803,帕洛克系留基地,0,,0,0,1,0,0,,0
1804,利奥法德的房间,0,,0,0,1,0,0,,0
1805,中桅塔,0,,0,0,1,0,0,,0
1806,[扩建区]中桅塔,0,,0,0,1,0,0,,0
1807,百合岭,0,,0,0,1,0,0,,0
1808,[扩建区]百合岭,0,,0,0,1,0,0,,0
1809,娜娜莫大风车,0,,0,0,1,0,0,,0
1810,[扩建区]娜娜莫大风车,0,,0,0,1,0,0,,0
1811,中桅塔大厅,0,,0,0,1,0,0,,0
1812,中桅塔房间,0,,0,0,1,0,0,,0
1813,百合岭大厅,0,,0,0,1,0,0,,0
1814,百合岭房间,0,,0,0,1,0,0,,0
1815,娜娜莫大风车大厅,0,,0,0,1,0,0,,0
1816,娜娜莫大风车房间,0,,0,0,1,0,0,,0
1817,001号室,0,,0,0,1,0,0,,0
1818,002号室,0,,0,0,1,0,0,,0
1819,003号室,0,,0,0,1,0,0,,0
1820,004号室,0,,0,0,1,0,0,,0
1821,005号室,0,,0,0,1,0,0,,0
1822,006号室,0,,0,0,1,0,0,,0
1823,107号室,0,,0,0,1,0,0,,0
1824,108号室,0,,0,0,1,0,0,,0
1825,106号室,0,,0,0,1,0,0,,0
1826,101号室,0,,0,0,1,0,0,,0
1827,105号室,0,,0,0,1,0,0,,0
1828,103号室,0,,0,0,1,0,0,,0
1829,104号室,0,,0,0,1,0,0,,0
1830,102号室,0,,0,0,1,0,0,,0
1831,201号室,0,,0,0,1,0,0,,0
1832,202号室,0,,0,0,1,0,0,,0
1833,馆主之间,0,,0,0,1,0,0,,0
1834,亡灵府邸闹鬼庄园,0,,0,0,1,0,0,,0
1835,亚历山大之眼,0,,0,0,1,0,0,,0
1836,知识神水瓶,0,,0,0,1,0,0,,0
1837,亚历山大之首,0,,0,0,1,0,0,,0
1838,弥达斯单元,0,,0,0,1,0,0,,0
1839,头部甲板,0,,0,0,1,0,0,,0
1840,再生处理室,0,,0,0,1,0,0,,0
1841,亚历山大之息,0,,0,0,1,0,0,,0
1842,公开处刑塔,0,,0,0,1,0,0,,0
1843,科学城4号区,0,,0,0,1,0,0,,0
1844,科学城11号区,0,,0,0,1,0,0,,0
1845,公开处刑塔前,0,,0,0,1,0,0,,0
1846,科学万能处刑场,0,,0,0,1,0,0,,0
1847,亚历山大之心,0,,0,0,1,0,0,,0
1848,心房,0,,0,0,1,0,0,,0
1849,心室,0,,0,0,1,0,0,,0
1850,核心生产线,0,,0,0,1,0,0,,0
1851,能源供给线,0,,0,0,1,0,0,,0
1852,中枢大动力室,0,,0,0,1,0,0,,0
1853,亚历山大之魂,0,,0,0,1,0,0,,0
1854,过去空间,0,,0,0,1,0,0,,0
1855,中央管制室,0,,0,0,1,0,0,,0
1856,亚历山大之心,0,,0,0,1,0,0,,0
1857,巴埃萨长城,0,,0,0,1,0,0,,0
1858,长城下部,0,,0,0,1,0,0,,0
1859,城内外区,0,,0,0,1,0,0,,0
1860,城内内区,0,,0,0,1,0,0,,0
1861,长城上部,0,,0,0,1,0,0,,0
1862,天营路,0,,0,0,1,0,0,,0
1863,魔导兵器仓库,0,,0,0,1,0,0,,0
1864,飞空战舰着陆场,0,,0,0,1,0,0,,0
1865,帝国东方堡,0,,0,0,1,0,0,,0
1866,长城兵器库,0,,0,0,1,0,0,,0
1867,长城胸墙,0,,0,0,1,0,0,,0
1868,影之国,0,,0,0,1,0,0,,0
1869,拉德莉亚女士号,0,,0,0,1,0,0,,0
1870,影之国遗迹,0,,0,0,1,0,0,,0
1871,城塞内部,0,,0,0,1,0,0,,0
1872,城塞屋顶,0,,0,0,1,0,0,,0
1873,未知空间,0,,0,0,1,0,0,,0
1874,影之钟楼,0,,0,0,1,0,0,,0
1875,暗蔷薇庭园,0,,0,0,1,0,0,,0
1876,暗蔷薇大厅,0,,0,0,1,0,0,,0
1877,主甲板,0,,0,0,1,0,0,,0
1878,影之商业区,0,,0,0,1,0,0,,0
1879,影之大道,0,,0,0,1,0,0,,0
1880,小丑舞台,0,,0,0,1,0,0,,0
1881,女王的阅兵广场,0,,0,0,1,0,0,,0
1882,女王之间,0,,0,0,1,0,0,,0
1883,观月台,0,,0,0,1,0,0,,0
1884,地衣宫演习场,0,,0,0,1,0,0,,0
1885,利爪牢笼,0,,0,0,1,0,0,,0
1886,尖牙牢笼,0,,0,0,1,0,0,,0
1887,欧米茄控制室,0,,0,0,1,0,0,,0
1888,索姆阿尔灵峰(天山深境),0,,0,0,1,0,0,,0
1889,灵心,0,,0,0,1,0,0,,0
1890,炎兽的领地,0,,0,0,1,0,0,,0
1891,大熔岩窟,0,,0,0,1,0,0,,0
1892,灵心,0,,0,0,1,0,0,,0
1893,白银乡私人小屋,0,,0,0,1,0,0,,0
1894,白银乡私人公馆,0,,0,0,1,0,0,,0
1895,白银乡私人别墅,0,,0,0,1,0,0,,0
1896,茜云栈桥,0,,0,0,1,0,0,,0
1897,茜坂商店街,0,,0,0,1,0,0,,0
1898,白银滨,0,,0,0,1,0,0,,0
1899,好文园,0,,0,0,1,0,0,,0
1900,隐匿滨,0,,0,0,1,0,0,,0
1901,白云温泉,0,,0,0,1,0,0,,0
1902,茜云栈桥（住宅区管理人）,0,,0,0,1,0,0,,0
1903,白银乡西北区,0,,0,0,1,0,0,,0
1904,白银乡西区,0,,0,0,1,0,0,,0
1905,红梅御殿,0,,0,0,1,0,0,,0
1906,白银乡东北区,0,,0,0,1,0,0,,0
1907,白银乡西南区,0,,0,0,1,0,0,,0
1908,白银乡南区,0,,0,0,1,0,0,,0
1909,白银乡东南区,0,,0,0,1,0,0,,0
1910,[扩建区]茜云栈桥,0,,0,0,1,0,0,,0
1911,[扩建区]茜坂商店街,0,,0,0,1,0,0,,0
1912,[扩建区]白银滨,0,,0,0,1,0,0,,0
1913,[扩建区]好文园,0,,0,0,1,0,0,,0
1914,[扩建区]隐匿滨,0,,0,0,1,0,0,,0
1915,[扩建区]白云温泉,0,,0,0,1,0,0,,0
1916,[扩建区]白银乡北区,0,,0,0,1,0,0,,0
1917,[扩建区]白银乡东区,0,,0,0,1,0,0,,0
1918,[扩建区]茜云栈桥（住宅区管理人）,0,,0,0,1,0,0,,0
1919,[扩建区]白银乡东北区,0,,0,0,1,0,0,,0
1920,[扩建区]白银乡西区,0,,0,0,1,0,0,,0
1921,[扩建区]红梅御殿,0,,0,0,1,0,0,,0
1922,[扩建区]白银乡西南区,0,,0,0,1,0,0,,0
1923,[扩建区]白银乡南区,0,,0,0,1,0,0,,0
1924,星导寺,0,,0,0,1,0,0,,0
1925,破坏神之肩,0,,0,0,1,0,0,,0
1926,星导之路,0,,0,0,1,0,0,,0
1927,星导寺大殿,0,,0,0,1,0,0,,0
1928,水苔池,0,,0,0,1,0,0,,0
1929,阴阳苑,0,,0,0,1,0,0,,0
1930,导灵殿,0,,0,0,1,0,0,,0
1931,星导山山间,0,,0,0,1,0,0,,0
1932,星导山山顶,0,,0,0,1,0,0,,0
1933,机库区,0,,0,0,1,0,0,,0
1934,实验区,0,,0,0,1,0,0,,0
1935,中枢区,0,,0,0,1,0,0,,0
1936,陆战兵器开发室,0,,0,0,1,0,0,,0
1937,强化实验室,0,,0,0,1,0,0,,0
1938,性能试验场,0,,0,0,1,0,0,,0
1939,苍玉鱼园,0,,0,0,1,0,0,,0
1940,红玉御殿,0,,0,0,1,0,0,,0
1941,紫水祭殿,0,,0,0,1,0,0,,0
1942,春告门前,0,,0,0,1,0,0,,0
1943,红潮之间,0,,0,0,1,0,0,,0
1944,紫水御神乐,0,,0,0,1,0,0,,0
1945,以太之光广场,0,,0,0,1,0,0,,0
1946,潮风亭前,0,,0,0,1,0,0,,0
1947,第一防波堤,0,,0,0,1,0,0,,0
1948,拉札罕大使馆前,0,,0,0,1,0,0,,0
1949,市场(小金街),0,,0,0,1,0,0,,0
1950,望海楼,0,,0,0,1,0,0,,0
1951,乌尔达哈商会馆前,0,,0,0,1,0,0,,0
1952,赤诚组营房南,0,,0,0,1,0,0,,0
1953,乐座街,0,,0,0,1,0,0,,0
1954,红玉海方面,0,,0,0,1,0,0,,0
1955,以太之光广场,0,,0,0,1,0,0,,0
1956,神拳痕西,0,,0,0,1,0,0,,0
1957,神拳痕东北,0,,0,0,1,0,0,,0
1958,基拉巴尼亚边区方面,0,,0,0,1,0,0,,0
1959,基拉巴尼亚山区方面,0,,0,0,1,0,0,,0
1960,惨境号,0,,0,0,1,0,0,,0
1961,亡灵岩场,0,,0,0,1,0,0,,0
1962,简女士号,0,,0,0,1,0,0,,0
1963,狱长的娱乐场,0,,0,0,1,0,0,,0
1964,被遗弃的监狱岛,0,,0,0,1,0,0,,0
1965,克劳茨大灯塔,0,,0,0,1,0,0,,0
1966,二之丸御殿庭园,0,,0,0,1,0,0,,0
1967,溪泉园,0,,0,0,1,0,0,,0
1968,本丸御殿,0,,0,0,1,0,0,,0
1969,礁石地带,0,,0,0,1,0,0,,0
1970,遇难船群,0,,0,0,1,0,0,,0
1971,天守武道馆,0,,0,0,1,0,0,,0
1972,本丸天守阁,0,,0,0,1,0,0,,0
1973,天守能乐堂,0,,0,0,1,0,0,,0
1974,二之丸,0,,0,0,1,0,0,,0
1975,本丸,0,,0,0,1,0,0,,0
1976,战士巴儿达木的猎场,0,,0,0,1,0,0,,0
1977,勇猛巴儿达木的重生,0,,0,0,1,0,0,,0
1978,无声的叙事者,0,,0,0,1,0,0,,0
1979,稚嫩巴儿达木的轻狂,0,,0,0,1,0,0,,0
1980,骄横巴儿达木的落难,0,,0,0,1,0,0,,0
1981,雄壮巴儿达木的光荣,0,,0,0,1,0,0,,0
1982,晨曦之试炼,0,,0,0,1,0,0,,0
1983,暮晖之试炼,0,,0,0,1,0,0,,0
1984,勇猛巴儿达木的伟业,0,,0,0,1,0,0,,0
1985,第三兵器库,0,,0,0,1,0,0,,0
1986,练兵场,0,,0,0,1,0,0,,0
1987,赤燕之间,0,,0,0,1,0,0,,0
1988,二之曲轮,0,,0,0,1,0,0,,0
1989,一之曲轮,0,,0,0,1,0,0,,0
1990,多玛城天守阁,0,,0,0,1,0,0,,0
1991,四柱大堂,0,,0,0,1,0,0,,0
1992,运河入口,0,,0,0,1,0,0,,0
1993,第一闸区,0,,0,0,1,0,0,,0
1994,第二闸区,0,,0,0,1,0,0,,0
1995,第三闸区,0,,0,0,1,0,0,,0
1996,第四闸区,0,,0,0,1,0,0,,0
1997,第五闸区,0,,0,0,1,0,0,,0
1998,第六闸区,0,,0,0,1,0,0,,0
1999,最终闸区,0,,0,0,1,0,0,,0
2000,龙堡参天高地,0,,0,0,1,0,0,,0
2001,龙堡内陆低地,0,,0,0,1,0,0,,0
2002,翻云雾海,0,,0,0,1,0,0,,0
2003,陆行鸟之森,0,,0,0,1,0,0,,0
2004,荒烟野地,0,,0,0,1,0,0,,0
2005,唯一脑窟穴,0,,0,0,1,0,0,,0
2006,阿瓦隆尼亚古陆,0,,0,0,1,0,0,,0
2007,阿巴拉提亚山麓,0,,0,0,1,0,0,,0
2008,彻悟岩窟,0,,0,0,1,0,0,,0
2009,萨雷安精制区,0,,0,0,1,0,0,,0
2010,萨雷安屯集区,0,,0,0,1,0,0,,0
2011,萨雷安睿哲区,0,,0,0,1,0,0,,0
2012,索姆阿尔峰顶,0,,0,0,1,0,0,,0
2013,招恶荒岛,0,,0,0,1,0,0,,0
2014,人王遗迹,0,,0,0,1,0,0,,0
2015,四臂广场,0,,0,0,1,0,0,,0
2016,竖骨岛,0,,0,0,1,0,0,,0
2017,绿茵岛,0,,0,0,1,0,0,,0
2018,尾羽集落,0,,0,0,1,0,0,,0
2019,悲叹飞泉,0,,0,0,1,0,0,,0
2020,宽慰河,0,,0,0,1,0,0,,0
2021,自由脑窟穴,0,,0,0,1,0,0,,0
2022,邪龙雕像,0,,0,0,1,0,0,,0
2023,兵站窟,0,,0,0,1,0,0,,0
2024,武神窟,0,,0,0,1,0,0,,0
2025,不洁三塔,0,,0,0,1,0,0,,0
2026,,0,,0,0,0,0,0,,0
2027,龙人路,0,,0,0,1,0,0,,0
2028,哀思洞窟,0,,0,0,1,0,0,,0
2029,饵食台地,0,,0,0,1,0,0,,0
2030,光轮祭坛,0,,0,0,1,0,0,,0
2031,索姆阿尔灵峰,0,,0,0,1,0,0,,0
2032,宗匠大工房,0,,0,0,1,0,0,,0
2033,创造之路,0,,0,0,1,0,0,,0
2034,圣茉夏娜植物园,0,,0,0,1,0,0,,0
2035,湍流三角地,0,,0,0,1,0,0,,0
2036,玛托雅的洞穴,0,,0,0,1,0,0,,0
2037,硕学之路,0,,0,0,1,0,0,,0
2038,迦巴勒幻想图书馆,0,,0,0,1,0,0,,0
2039,沙利亚克河,0,,0,0,1,0,0,,0
2040,知识神水瓶,0,,0,0,1,0,0,,0
2041,亚历山大机神城,0,,0,0,1,0,0,,0
2042,莫古力之家,0,,0,0,1,0,0,,0
2043,书信之家,0,,0,0,1,0,0,,0
2044,休岛园,0,,0,0,1,0,0,,0
2045,赎罪天廊,0,,0,0,1,0,0,,0
2046,天极白垩宫,0,,0,0,1,0,0,,0
2047,飞龙港,0,,0,0,1,0,0,,0
2048,惋惜之晶遗迹,0,,0,0,1,0,0,,0
2049,东方眼目,0,,0,0,1,0,0,,0
2050,龙巢神殿,0,,0,0,1,0,0,,0
2051,圣女希瓦像,0,,0,0,1,0,0,,0
2052,萨雷安治学区,0,,0,0,1,0,0,,0
2053,悄声小道,0,,0,0,1,0,0,,0
2054,バックブリッジ,0,,0,0,1,0,0,,0
2055,美夏醒言遗迹,0,,0,0,1,0,0,,0
2056,,0,,0,0,0,0,0,,0
2057,,0,,0,0,0,0,0,,0
2058,,0,,0,0,0,0,0,,0
2059,,0,,0,0,0,0,0,,0
2060,,0,,0,0,0,0,0,,0
2061,不洁村落,0,,0,0,1,0,0,,0
2062,,0,,0,0,0,0,0,,0
2063,,0,,0,0,0,0,0,,0
2064,不洁古像,0,,0,0,1,0,0,,0
2065,小刀石柱群,0,,0,0,1,0,0,,0
2066,先贤伟业纪念碑,0,,0,0,1,0,0,,0
2067,游击野营地,0,,0,0,1,0,0,,0
2068,奥恩原生林,0,,0,0,1,0,0,,0
2069,沉思之路,0,,0,0,1,0,0,,0
2070,阿思珑遗迹,0,,0,0,1,0,0,,0
2071,,0,,0,0,0,0,0,,0
2072,,0,,0,0,0,0,0,,0
2073,确信之路,0,,0,0,1,0,0,,0
2074,迦巴勒山,0,,0,0,1,0,0,,0
2075,孤零零的树,0,,0,0,1,0,0,,0
2076,祈愿林,0,,0,0,1,0,0,,0
2077,最高大的树,0,,0,0,1,0,0,,0
2078,南方墙壁,0,,0,0,1,0,0,,0
2079,西方水泉,0,,0,0,1,0,0,,0
2080,人王像,0,,0,0,1,0,0,,0
2081,武神斗技场,0,,0,0,1,0,0,,0
2082,田园郡,0,,0,0,1,0,0,,0
2083,供奉洞,0,,0,0,1,0,0,,0
2084,封面桥,0,,0,0,1,0,0,,0
2085,封底桥,0,,0,0,1,0,0,,0
2086,先贤伟业纪念碑,0,,0,0,1,0,0,,0
2087,以太之光广场,0,,0,0,1,0,0,,0
2088,颠倒塔,0,,0,0,1,0,0,,0
2089,望海天石,0,,0,0,1,0,0,,0
2090,忆罪宫,0,,0,0,1,0,0,,0
2091,迦巴勒幻想图书馆（秘本宝库）,0,,0,0,1,0,0,,0
2092,斯提克奇克斯工房,0,,0,0,1,0,0,,0
2093,罗薇娜综合文化会馆,0,,0,0,1,0,0,,0
2094,自由市场,0,,0,0,1,0,0,,0
2095,忆念广场,0,,0,0,1,0,0,,0
2096,崖畔亭,0,,0,0,1,0,0,,0
2097,蜗牛广场,0,,0,0,1,0,0,,0
2098,绿地菜园,0,,0,0,1,0,0,,0
2099,距骨研究所,0,,0,0,1,0,0,,0
2100,阿巴拉提亚云海,0,,0,0,1,0,0,,0
2101,魔大陆阿济兹拉,0,,0,0,1,0,0,,0
2102,云顶,0,,0,0,1,0,0,,0
2103,沃仙曦染,0,,0,0,1,0,0,,0
2104,温杜属本杜集落,0,,0,0,1,0,0,,0
2105,蓝天窗,0,,0,0,1,0,0,,0
2106,试炼群岛,0,,0,0,1,0,0,,0
2107,瓦纳温杜集落,0,,0,0,1,0,0,,0
2108,莫克温杜集落,0,,0,0,1,0,0,,0
2109,阿尔法管区,0,,0,0,1,0,0,,0
2110,贝塔管区,0,,0,0,1,0,0,,0
2111,伽马管区,0,,0,0,1,0,0,,0
2112,德尔塔管区,0,,0,0,1,0,0,,0
2113,生态园,0,,0,0,1,0,0,,0
2114,阿济兹拉旗舰岛,0,,0,0,1,0,0,,0
2115,捍卫者号,0,,0,0,1,0,0,,0
2116,云顶营地,0,,0,0,1,0,0,,0
2117,玫瑰园,0,,0,0,1,0,0,,0
2118,衮杜集落,0,,0,0,1,0,0,,0
2119,候鸟云巢,0,,0,0,1,0,0,,0
2120,云水塘,0,,0,0,1,0,0,,0
2121,强本杜的房屋,0,,0,0,1,0,0,,0
2122,白鲸头冠,0,,0,0,1,0,0,,0
2123,尊杜集落,0,,0,0,1,0,0,,0
2124,温杜集落,0,,0,0,1,0,0,,0
2125,落羽大房,0,,0,0,1,0,0,,0
2126,曲石祭坛,0,,0,0,1,0,0,,0
2127,亨格坩埚,0,,0,0,1,0,0,,0
2128,寒风岛,0,,0,0,1,0,0,,0
2129,魔窟离岛,0,,0,0,1,0,0,,0
2130,不获岛,0,,0,0,1,0,0,,0
2131,螺旋港,0,,0,0,1,0,0,,0
2132,阿尔法通信塔,0,,0,0,1,0,0,,0
2133,以太供应阵列,0,,0,0,1,0,0,,0
2134,第二传送环,0,,0,0,1,0,0,,0
2135,第三传送环,0,,0,0,1,0,0,,0
2136,生体培养局,0,,0,0,1,0,0,,0
2137,人工诱变所,0,,0,0,1,0,0,,0
2138,第四传送环,0,,0,0,1,0,0,,0
2139,第五传送环,0,,0,0,1,0,0,,0
2140,飞空战舰格拉提翁号,0,,0,0,1,0,0,,0
2141,飞空战舰装卸点,0,,0,0,1,0,0,,0
2142,帝国索鲁斯堡,0,,0,0,1,0,0,,0
2143,第六传送环,0,,0,0,1,0,0,,0
2144,第七传送环,0,,0,0,1,0,0,,0
2145,对偶处刑台,0,,0,0,1,0,0,,0
2146,愚神台,0,,0,0,1,0,0,,0
2147,魔科学研究所,0,,0,0,1,0,0,,0
2148,无限回廊,0,,0,0,1,0,0,,0
2149,拘束舱,0,,0,0,1,0,0,,0
2150,奇点反应堆,0,,0,0,1,0,0,,0
2151,无尽苍空,0,,0,0,1,0,0,,0
2152,危步台,0,,0,0,1,0,0,,0
2153,牧牛台,0,,0,0,1,0,0,,0
2154,雾散瀑布,0,,0,0,1,0,0,,0
2155,,0,,0,0,0,0,0,,0
2156,明日粉团,0,,0,0,1,0,0,,0
2157,,0,,0,0,0,0,0,,0
2158,,0,,0,0,0,0,0,,0
2159,破碎脊骨,0,,0,0,1,0,0,,0
2160,起源岛,0,,0,0,1,0,0,,0
2161,水晶增殖炉,0,,0,0,1,0,0,,0
2162,综合冷却局,0,,0,0,1,0,0,,0
2163,,0,,0,0,0,0,0,,0
2164,重组实验室,0,,0,0,1,0,0,,0
2165,,0,,0,0,0,0,0,,0
2166,生态园管理局,0,,0,0,1,0,0,,0
2167,,0,,0,0,0,0,0,,0
2168,,0,,0,0,0,0,0,,0
2169,,0,,0,0,0,0,0,,0
2170,古代大教堂,0,,0,0,1,0,0,,0
2171,,0,,0,0,0,0,0,,0
2172,德尔塔水务局,0,,0,0,1,0,0,,0
2173,冠毛大树,0,,0,0,1,0,0,,0
2174,三斗神巨像,0,,0,0,1,0,0,,0
2175,隔离实验岛,0,,0,0,1,0,0,,0
2176,机动补给舰,0,,0,0,1,0,0,,0
2177,超星际通信塔,0,,0,0,1,0,0,,0
2178,奇点反应堆,0,,0,0,1,0,0,,0
2179,魔大陆中枢,0,,0,0,1,0,0,,0
2180,残骸岛,0,,0,0,1,0,0,,0
2181,魔航船虚无方舟,0,,0,0,1,0,0,,0
2182,船尾楼甲板,0,,0,0,1,0,0,,0
2183,后甲板,0,,0,0,1,0,0,,0
2184,左舷换气区,0,,0,0,1,0,0,,0
2185,优良种保管库,0,,0,0,1,0,0,,0
2186,船内魔路,0,,0,0,1,0,0,,0
2187,动力区,0,,0,0,1,0,0,,0
2188,主妖异动力炉,0,,0,0,1,0,0,,0
2189,云海兽巢,0,,0,0,1,0,0,,0
2190,左舷后部换气室,0,,0,0,1,0,0,,0
2191,左舷前部换气室,0,,0,0,1,0,0,,0
2192,改良种培养室,0,,0,0,1,0,0,,0
2193,中央魔路,0,,0,0,1,0,0,,0
2194,动力转魔场,0,,0,0,1,0,0,,0
2195,女王卧室,0,,0,0,1,0,0,,0
2196,上甲板,0,,0,0,1,0,0,,0
2197,船舱,0,,0,0,1,0,0,,0
2198,船首楼,0,,0,0,1,0,0,,0
2199,第二甲板,0,,0,0,1,0,0,,0
2200,库尔札斯西部高地,0,,0,0,1,0,0,,0
2201,交汇河,0,,0,0,1,0,0,,0
2202,双子池,0,,0,0,1,0,0,,0
2203,红沿,0,,0,0,1,0,0,,0
2204,隼巢,0,,0,0,1,0,0,,0
2205,库尔札斯河,0,,0,0,1,0,0,,0
2206,奔流江,0,,0,0,1,0,0,,0
2207,戈尔加涅牧场,0,,0,0,1,0,0,,0
2208,铁杉村,0,,0,0,1,0,0,,0
2209,交汇河营地,0,,0,0,1,0,0,,0
2210,灾祸池,0,,0,0,1,0,0,,0
2211,灰烬池,0,,0,0,1,0,0,,0
2212,卧龙岛,0,,0,0,1,0,0,,0
2213,大脚雪人居所,0,,0,0,1,0,0,,0
2214,暮卫塔,0,,0,0,1,0,0,,0
2215,征龙像,0,,0,0,1,0,0,,0
2216,金砧塔,0,,0,0,1,0,0,,0
2217,灰尾瀑布,0,,0,0,1,0,0,,0
2218,异端者坑道,0,,0,0,1,0,0,,0
2219,板岩连峰,0,,0,0,1,0,0,,0
2220,圣菲内雅连队露营地,0,,0,0,1,0,0,,0
2221,黑铁大桥,0,,0,0,1,0,0,,0
2222,第九锡杖,0,,0,0,1,0,0,,0
2223,戈尔加涅牧草地,0,,0,0,1,0,0,,0
2224,北星号,0,,0,0,1,0,0,,0
2225,填絮码头,0,,0,0,1,0,0,,0
2226,,0,,0,0,0,0,0,,0
2227,龙涎,0,,0,0,1,0,0,,0
2228,守望者,0,,0,0,1,0,0,,0
2229,,0,,0,0,0,0,0,,0
2230,,0,,0,0,0,0,0,,0
2231,,0,,0,0,0,0,0,,0
2232,,0,,0,0,0,0,0,,0
2233,,0,,0,0,0,0,0,,0
2234,,0,,0,0,0,0,0,,0
2235,,0,,0,0,0,0,0,,0
2236,,0,,0,0,0,0,0,,0
2237,枪峡门,0,,0,0,1,0,0,,0
2238,呼喊岩,0,,0,0,1,0,0,,0
2239,船尾回廊,0,,0,0,1,0,0,,0
2240,西风岛,0,,0,0,1,0,0,,0
2241,西北空域,0,,0,0,1,0,0,,0
2242,东北空域,0,,0,0,1,0,0,,0
2243,西南空域,0,,0,0,1,0,0,,0
2244,东南空域,0,,0,0,1,0,0,,0
2245,云上王冠,0,,0,0,1,0,0,,0
2246,第六着陆点,0,,0,0,1,0,0,,0
2247,第七着陆点,0,,0,0,1,0,0,,0
2248,第八着陆点,0,,0,0,1,0,0,,0
2249,第九着陆点,0,,0,0,1,0,0,,0
2250,第一着陆点,0,,0,0,1,0,0,,0
2251,第二着陆点,0,,0,0,1,0,0,,0
2252,第三着陆点,0,,0,0,1,0,0,,0
2253,第四着陆点,0,,0,0,1,0,0,,0
2254,第五着陆点,0,,0,0,1,0,0,,0
2255,恩惠号,0,,0,0,1,0,0,,0
2256,抑制绝境S1T7,0,,0,0,1,0,0,,0
2257,云冠涌泉,0,,0,0,1,0,0,,0
2258,云冠洞穴,0,,0,0,1,0,0,,0
2259,云冠西南池,0,,0,0,1,0,0,,0
2260,云冠鱼洞,0,,0,0,1,0,0,,0
2261,云冠西北池,0,,0,0,1,0,0,,0
2262,狂风云海,0,,0,0,1,0,0,,0
2263,无风云海,0,,0,0,1,0,0,,0
2264,旋风云海,0,,0,0,1,0,0,,0
2265,抑制绝境P1T6,0,,0,0,1,0,0,,0
2266,抑制绝境Z1T9,0,,0,0,1,0,0,,0
2267,漂流遗迹,0,,0,0,1,0,0,,0
2268,以太洞,0,,0,0,1,0,0,,0
2269,漂流遗迹的魔导通路,0,,0,0,1,0,0,,0
2270,白银乡个人房间,0,,0,0,1,0,0,,0
2271,白银乡部队工房,0,,0,0,1,0,0,,0
2272,红梅御殿大厅,0,,0,0,1,0,0,,0
2273,红梅御殿房间,0,,0,0,1,0,0,,0
2274,登陆点,0,,0,0,1,0,0,,0
2275,第二登陆点,0,,0,0,1,0,0,,0
2276,第三登陆点,0,,0,0,1,0,0,,0
2277,临时据点,0,,0,0,1,0,0,,0
2278,德尔塔幻境,0,,0,0,1,0,0,,0
2279,次元城,0,,0,0,1,0,0,,0
2280,次元城地下牢狱,0,,0,0,1,0,0,,0
2281,次元城大殿,0,,0,0,1,0,0,,0
2282,次元城屋顶,0,,0,0,1,0,0,,0
2283,蓝玉大街国际市场,0,,0,0,1,0,0,,0
2284,时空狭缝,0,,0,0,1,0,0,,0
2285,安兹海尔姆大道,0,,0,0,1,0,0,,0
2286,阿拉米格贵族街,0,,0,0,1,0,0,,0
2287,阿拉米格王宫庭园,0,,0,0,1,0,0,,0
2288,阿拉米格王宫深处,0,,0,0,1,0,0,,0
2289,破坏神之门,0,,0,0,1,0,0,,0
2290,亚希纳临时实验场,0,,0,0,1,0,0,,0
2291,狮鹫之间,0,,0,0,1,0,0,,0
2292,阿拉米格,0,,0,0,1,0,0,,0
2293,阿拉米格人居住区,0,,0,0,1,0,0,,0
2294,阿拉米格王宫,0,,0,0,1,0,0,,0
2295,宝物殿,0,,0,0,1,0,0,,0
2296,超越技术研究所,0,,0,0,1,0,0,,0
2297,妖歌海,0,,0,0,1,0,0,,0
2298,黄金阁,0,,0,0,1,0,0,,0
2299,美神地下神殿,0,,0,0,1,0,0,,0
2300,伊修加德基础层,0,,0,0,1,0,0,,0
2301,伊修加德砥柱层,0,,0,0,1,0,0,,0
2302,圣徒门,0,,0,0,1,0,0,,0
2303,以太之光广场,0,,0,0,1,0,0,,0
2304,圣瓦勒鲁瓦扬广场,0,,0,0,1,0,0,,0
2305,圣蕾内特广场,0,,0,0,1,0,0,,0
2306,圣瓦勒鲁瓦扬大道,0,,0,0,1,0,0,,0
2307,清贫凯旋门,0,,0,0,1,0,0,,0
2308,战女神的慈悲,0,,0,0,1,0,0,,0
2309,云雾街,0,,0,0,1,0,0,,0
2310,九霄云舍,0,,0,0,1,0,0,,0
2311,忘忧骑士亭,0,,0,0,1,0,0,,0
2312,神殿骑士团总部,0,,0,0,1,0,0,,0
2313,轻羽斗场,0,,0,0,1,0,0,,0
2314,天钢机工房,0,,0,0,1,0,0,,0
2315,陆行鸟栏,0,,0,0,1,0,0,,0
2316,圣大鸟房,0,,0,0,1,0,0,,0
2317,宝杖大街,0,,0,0,1,0,0,,0
2318,狄兰达尔伯爵府,0,,0,0,1,0,0,,0
2319,艾因哈特伯爵府,0,,0,0,1,0,0,,0
2320,福尔唐伯爵府,0,,0,0,1,0,0,,0
2321,泽梅尔伯爵府,0,,0,0,1,0,0,,0
2322,圣冈里奥尔占星院,0,,0,0,1,0,0,,0
2323,伊修加德飞艇坪,0,,0,0,1,0,0,,0
2324,博雷尔子爵府,0,,0,0,1,0,0,,0
2325,神圣裁判所,0,,0,0,1,0,0,,0
2326,巨盾台,0,,0,0,1,0,0,,0
2327,伊修加德教皇厅,0,,0,0,1,0,0,,0
2328,圣雷马诺大圣堂,0,,0,0,1,0,0,,0
2329,建国十二骑士像,0,,0,0,1,0,0,,0
2330,终卫要塞,0,,0,0,1,0,0,,0
2331,尊贵凯旋门,0,,0,0,1,0,0,,0
2332,伊甸小广场,0,,0,0,1,0,0,,0
2333,西柱廊,0,,0,0,1,0,0,,0
2334,东柱廊,0,,0,0,1,0,0,,0
2335,神殿骑士团总骑士长室,0,,0,0,1,0,0,,0
2336,决斗裁判场,0,,0,0,1,0,0,,0
2337,圣恩达利姆神学院,0,,0,0,1,0,0,,0
2338,轻羽斗场,0,,0,0,1,0,0,,0
2339,天母寝宫地下祭坛,0,,0,0,1,0,0,,0
2340,乌兹奈藏宝运河,0,,0,0,1,0,0,,0
2341,白银乡,0,,0,0,1,0,0,,0
2342,[扩建区]白银乡,0,,0,0,1,0,0,,0
2343,猛禽左翼,0,,0,0,1,0,0,,0
2344,猛禽右翼,0,,0,0,1,0,0,,0
2345,猛禽脊背,0,,0,0,1,0,0,,0
2346,猎隼基地,0,,0,0,1,0,0,,0
2347,南猎隼塔,0,,0,0,1,0,0,,0
2348,北猎隼塔,0,,0,0,1,0,0,,0
2349,渡鸦基地,0,,0,0,1,0,0,,0
2350,北渡鸦塔,0,,0,0,1,0,0,,0
2351,南渡鸦塔,0,,0,0,1,0,0,,0
2352,动力发生器,0,,0,0,1,0,0,,0
2353,黄金港飞艇坪,0,,0,0,1,0,0,,0
2354,白帝竹林,0,,0,0,1,0,0,,0
2355,第四登陆点,0,,0,0,1,0,0,,0
2356,良缘仪式,0,,0,0,1,0,0,,0
2357,德尔塔幻境1,0,,0,0,1,0,0,,0
2358,德尔塔幻境2,0,,0,0,1,0,0,,0
2359,德尔塔幻境3,0,,0,0,1,0,0,,0
2360,德尔塔幻境4,0,,0,0,1,0,0,,0
2361,盐湖钟乳洞,0,,0,0,1,0,0,,0
2362,凯尔派的领地,0,,0,0,1,0,0,,0
2363,圣堂区,0,,0,0,1,0,0,,0
2364,封闭的门扉,0,,0,0,1,0,0,,0
2365,囚禁区,0,,0,0,1,0,0,,0
2366,黄金堂,0,,0,0,1,0,0,,0
2367,沉没神殿斯卡拉遗迹,0,,0,0,1,0,0,,0
2368,浅层,0,,0,0,1,0,0,,0
2369,深层,0,,0,0,1,0,0,,0
2370,剧场艇初见号道具间,0,,0,0,1,0,0,,0
2371,剧场艇初见号舰桥,0,,0,0,1,0,0,,0
2372,失落之都拉巴纳斯塔,0,,0,0,1,0,0,,0
2373,拉巴纳斯塔废墟,0,,0,0,1,0,0,,0
2374,加兰赛兹水路,0,,0,0,1,0,0,,0
2375,王都勒萨利亚,0,,0,0,1,0,0,,0
2376,达尔马斯卡沙漠,0,,0,0,1,0,0,,0
2377,崩塌的桥,0,,0,0,1,0,0,,0
2378,慕思鲁市场,0,,0,0,1,0,0,,0
2379,市区北部,0,,0,0,1,0,0,,0
2380,王宫前广场,0,,0,0,1,0,0,,0
2381,勒萨利亚圆庭遗迹,0,,0,0,1,0,0,,0
2382,勒萨利亚神殿遗迹,0,,0,0,1,0,0,,0
2383,水晶塔演习场,0,,0,0,1,0,0,,0
2384,尖牙牢笼,0,,0,0,1,0,0,,0
2385,利爪牢笼,0,,0,0,1,0,0,,0
2386,狱之盖火山口,0,,0,0,1,0,0,,0
2387,狱之盖熔岩湖,0,,0,0,1,0,0,,0
2388,鬼之门,0,,0,0,1,0,0,,0
2389,狱之盖熔岩洞,0,,0,0,1,0,0,,0
2390,狱之釜,0,,0,0,1,0,0,,0
2391,醴泉神社神道,0,,0,0,1,0,0,,0
2392,醴泉神社,0,,0,0,1,0,0,,0
2393,龟甲舞台,0,,0,0,1,0,0,,0
2394,无限回廊（疯狂战舰）,0,,0,0,1,0,0,,0
2395,兵器演示层,0,,0,0,1,0,0,,0
2396,管理维护层,0,,0,0,1,0,0,,0
2397,第八展示区,0,,0,0,1,0,0,,0
2398,启动试验室,0,,0,0,1,0,0,,0
2399,舰尾结构群,0,,0,0,1,0,0,,0
2400,基拉巴尼亚,0,,0,0,1,0,0,,0
2401,奥萨德,0,,0,0,1,0,0,,0
2402,远东之国,0,,0,0,1,0,0,,0
2403,神拳痕,0,,0,0,1,0,0,,0
2404,黄金港,0,,0,0,1,0,0,,0
2405,？？？？,0,,0,0,1,0,0,,0
2406,基拉巴尼亚边区,0,,0,0,1,0,0,,0
2407,基拉巴尼亚山区,0,,0,0,1,0,0,,0
2408,基拉巴尼亚湖区,0,,0,0,1,0,0,,0
2409,红玉海,0,,0,0,1,0,0,,0
2410,延夏,0,,0,0,1,0,0,,0
2411,太阳神草原,0,,0,0,1,0,0,,0
2412,白银乡,0,,0,0,1,0,0,,0
2413,望海楼,0,,0,0,1,0,0,,0
2414,优雷卡常风之地,0,,0,0,1,0,0,,0
2415,萨盖特港,0,,0,0,1,0,0,,0
2416,爆壳滩,0,,0,0,1,0,0,,0
2417,碎心树林,0,,0,0,1,0,0,,0
2418,高树果林,0,,0,0,1,0,0,,0
2419,瓦尔河流域,0,,0,0,1,0,0,,0
2420,新虚无洞,0,,0,0,1,0,0,,0
2421,克劳泽庭园,0,,0,0,1,0,0,,0
2422,常风结晶脉,0,,0,0,1,0,0,,0
2423,奇怪谷,0,,0,0,1,0,0,,0
2424,离景瀑布,0,,0,0,1,0,0,,0
2425,蜂蜜酒爱好者的私密酒窖,0,,0,0,1,0,0,,0
2426,常风之心,0,,0,0,1,0,0,,0
2427,克劳泽的观测小屋,0,,0,0,1,0,0,,0
2428,原初自然史院分室,0,,0,0,1,0,0,,0
2429,废弃的研究室,0,,0,0,1,0,0,,0
2430,边缘瀑布,0,,0,0,1,0,0,,0
2431,传送技术管理室,0,,0,0,1,0,0,,0
2432,十二神大圣堂特殊会场,0,,0,0,1,0,0,,0
2433,车厢,0,,0,0,1,0,0,,0
2434,魔列车车厢,0,,0,0,1,0,0,,0
2435,魔列车,0,,0,0,1,0,0,,0
2436,被风吹毁的小屋,0,,0,0,1,0,0,,0
2437,岩燕庙,0,,0,0,1,0,0,,0
2438,无二江,0,,0,0,1,0,0,,0
2439,大龙山脉,0,,0,0,1,0,0,,0
2440,水脉之间,0,,0,0,1,0,0,,0
2441,地脉之间,0,,0,0,1,0,0,,0
2442,风脉之间,0,,0,0,1,0,0,,0
2443,龙脉之间,0,,0,0,1,0,0,,0
2444,缓流之路,0,,0,0,1,0,0,,0
2445,急流之路,0,,0,0,1,0,0,,0
2446,大龙关门,0,,0,0,1,0,0,,0
2447,玉圣祠,0,,0,0,1,0,0,,0
2448,大草原猎场,0,,0,0,1,0,0,,0
2449,禁绝幻想,0,,0,0,1,0,0,,0
2450,帝国河畔堡,0,,0,0,1,0,0,,0
2451,黎铎拉纳大瀑布,0,,0,0,1,0,0,,0
2452,大灯塔下部,0,,0,0,1,0,0,,0
2453,大灯塔上部,0,,0,0,1,0,0,,0
2454,机工都市高古,0,,0,0,1,0,0,,0
2455,封杀之层,0,,0,0,1,0,0,,0
2456,悠久时光庭园,0,,0,0,1,0,0,,0
2457,至顶旋廊,0,,0,0,1,0,0,,0
2458,至顶封域,0,,0,0,1,0,0,,0
2459,至天步廊,0,,0,0,1,0,0,,0
2460,吹拂异风的白色战场,0,,0,0,1,0,0,,0
2461,高古斗技场,0,,0,0,1,0,0,,0
2462,优雷卡恒冰之地,0,,0,0,1,0,0,,0
2463,冰点,0,,0,0,1,0,0,,0
2464,松塔林,0,,0,0,1,0,0,,0
2465,凝冰湖,0,,0,0,1,0,0,,0
2466,瓦尔河谷,0,,0,0,1,0,0,,0
2467,热泉,0,,0,0,1,0,0,,0
2468,笔尖狭路,0,,0,0,1,0,0,,0
2469,伞菌岩,0,,0,0,1,0,0,,0
2470,尸首监视台,0,,0,0,1,0,0,,0
2471,结晶化实验洞,0,,0,0,1,0,0,,0
2472,地热研究室,0,,0,0,1,0,0,,0
2473,浮空研究分室,0,,0,0,1,0,0,,0
2474,伏隆德特别墅,0,,0,0,1,0,0,,0
2475,西缘崖,0,,0,0,1,0,0,,0
2476,牛魔盆景,0,,0,0,1,0,0,,0
2477,冻结瀑布,0,,0,0,1,0,0,,0
2478,菌床洞,0,,0,0,1,0,0,,0
2479,东缘崖,0,,0,0,1,0,0,,0
2480,冰华洞,0,,0,0,1,0,0,,0
2481,地脉喷口,0,,0,0,1,0,0,,0
2482,寒冰圆形剧场,0,,0,0,1,0,0,,0
2483,封闭圣塔黎铎拉纳大灯塔,0,,0,0,1,0,0,,0
2484,圣茉夏娜植物园（污染庭园）,0,,0,0,1,0,0,,0
2485,乌兹奈藏宝运河神殿,0,,0,0,1,0,0,,0
2486,纯白石场,0,,0,0,1,0,0,,0
2487,赫德提特的领地,0,,0,0,1,0,0,,0
2488,废弃矿坑,0,,0,0,1,0,0,,0
2489,大沙虫的通道,0,,0,0,1,0,0,,0
2490,伽马隔离区,0,,0,0,1,0,0,,0
2491,舍弃遗迹,0,,0,0,1,0,0,,0
2492,遗烬大地,0,,0,0,1,0,0,,0
2493,雾碟,0,,0,0,1,0,0,,0
2494,白沙瀑布,0,,0,0,1,0,0,,0
2495,大沙虫的遗骸,0,,0,0,1,0,0,,0
2496,狱之底,0,,0,0,1,0,0,,0
2497,亡灵府邸闹鬼庄园,0,,0,0,1,0,0,,0
2498,贝拉哈迪亚遗迹风格运动设施,0,,0,0,1,0,0,,0
2499,黄金大桥,0,,0,0,1,0,0,,0
2500,哈克卡勒河,0,,0,0,1,0,0,,0
2501,防波堤,0,,0,0,1,0,0,,0
2502,幻河上游,0,,0,0,1,0,0,,0
2503,星导寺入口,0,,0,0,1,0,0,,0
2504,神拳痕,0,,0,0,1,0,0,,0
2505,白银乡,0,,0,0,1,0,0,,0
2506,白银水路,0,,0,0,1,0,0,,0
2507,多玛飞地,0,,0,0,1,0,0,,0
2508,,0,,0,0,0,0,0,,0
2509,,0,,0,0,0,0,0,,0
2510,蛇神大社,0,,0,0,1,0,0,,0
2511,红玉炮台附近,0,,0,0,1,0,0,,0
2512,碧玉水附近,0,,0,0,1,0,0,,0
2513,翠水乡附近,0,,0,0,1,0,0,,0
2514,冒险号附近,0,,0,0,1,0,0,,0
2515,紫水宫附近,0,,0,0,1,0,0,,0
2516,小林丸附近,0,,0,0,1,0,0,,0
2517,无二江底西南部,0,,0,0,1,0,0,,0
2518,无二江底南部,0,,0,0,1,0,0,,0
2519,高速魔导驱逐艇L-XXIII附近,0,,0,0,1,0,0,,0
2520,沉没江船附近,0,,0,0,1,0,0,,0
2521,大龙瀑水底,0,,0,0,1,0,0,,0
2522,太阳湖底西部,0,,0,0,1,0,0,,0
2523,太阳湖底东部,0,,0,0,1,0,0,,0
2524,盐湖底西北部,0,,0,0,1,0,0,,0
2525,盐湖底中央部,0,,0,0,1,0,0,,0
2526,盐湖底东南部,0,,0,0,1,0,0,,0
2527,尼姆浮游遗迹风格运动设施,0,,0,0,1,0,0,,0
2528,,0,,0,0,1,0,0,,0
2529,,0,,0,0,1,0,0,,0
2530,优雷卡涌火之地,0,,0,0,1,0,0,,0
2531,北点,0,,0,0,1,0,0,,0
2532,雪崩地,0,,0,0,1,0,0,,0
2533,冰针东北,0,,0,0,1,0,0,,0
2534,冰针西南,0,,0,0,1,0,0,,0
2535,歌咏冰洞,0,,0,0,1,0,0,,0
2536,涌火炎洞,0,,0,0,1,0,0,,0
2537,火岩溶洞西侧,0,,0,0,1,0,0,,0
2538,火岩溶洞东侧,0,,0,0,1,0,0,,0
2539,实验魔器工房,0,,0,0,1,0,0,,0
2540,龙星观测站,0,,0,0,1,0,0,,0
2541,耐热实验场,0,,0,0,1,0,0,,0
2542,碳酸岩挖掘场,0,,0,0,1,0,0,,0
2543,萨盖特别墅遗迹,0,,0,0,1,0,0,,0
2544,嘲讽庭园,0,,0,0,1,0,0,,0
2545,优雷卡丰水之地,0,,0,0,1,0,0,,0
2546,乖僻之人的实验场,0,,0,0,1,0,0,,0
2547,火焰斗技场,0,,0,0,1,0,0,,0
2548,天青斗场,0,,0,0,1,0,0,,0
2549,曼德维尔魔导方城,0,,0,0,1,0,0,,0
2550,时尚品鉴,0,,0,0,1,0,0,,0
2551,魔素融合器,0,,0,0,1,0,0,,0
2552,支援物资放置处,0,,0,0,1,0,0,,0
2553,成就大师,0,,0,0,1,0,0,,0
2554,退出点,0,,0,0,1,0,0,,0
2555,旅行莫古力,0,,0,0,1,0,0,,0
2556,青魔法师,0,,0,0,1,0,0,,0
2557,起居室（旅馆）,0,,0,0,1,0,0,,0
2558,中庸工艺馆交易,0,,0,0,1,0,0,,0
2559,重建公告板,0,,0,0,1,0,0,,0
2560,库啵好运道,0,,0,0,1,0,0,,0
2561,幻巧拼图,0,,0,0,1,0,0,,0
2562,综合贸易店,0,,0,0,1,0,0,,0
2563,,0,,0,0,0,0,0,,0
2564,,0,,0,0,0,0,0,,0
2565,,0,,0,0,0,0,0,,0
2566,,0,,0,0,0,0,0,,0
2567,,0,,0,0,0,0,0,,0
2568,,0,,0,0,0,0,0,,0
2569,,0,,0,0,0,0,0,,0
2570,,0,,0,0,0,0,0,,0
2571,,0,,0,0,0,0,0,,0
2572,,0,,0,0,0,0,0,,0
2573,,0,,0,0,0,0,0,,0
2574,,0,,0,0,0,0,0,,0
2575,,0,,0,0,0,0,0,,0
2576,,0,,0,0,0,0,0,,0
2577,,0,,0,0,0,0,0,,0
2578,,0,,0,0,0,0,0,,0
2579,,0,,0,0,0,0,0,,0
2580,,0,,0,0,0,0,0,,0
2581,,0,,0,0,0,0,0,,0
2582,,0,,0,0,0,0,0,,0
2583,,0,,0,0,0,0,0,,0
2584,,0,,0,0,0,0,0,,0
2585,,0,,0,0,0,0,0,,0
2586,基姆利特暗区,0,,0,0,1,0,0,,0
2587,北佣兵基地,0,,0,0,1,0,0,,0
2588,南佣兵基地,0,,0,0,1,0,0,,0
2589,隐塞,0,,0,0,1,0,0,,0
2590,猛禽左翼,0,,0,0,1,0,0,,0
2591,猛禽右翼,0,,0,0,1,0,0,,0
2592,猛禽脊背,0,,0,0,1,0,0,,0
2593,猎隼基地,0,,0,0,1,0,0,,0
2594,南猎隼塔,0,,0,0,1,0,0,,0
2595,北猎隼塔,0,,0,0,1,0,0,,0
2596,渡鸦基地,0,,0,0,1,0,0,,0
2597,北渡鸦塔,0,,0,0,1,0,0,,0
2598,南渡鸦塔,0,,0,0,1,0,0,,0
2599,载货车站,0,,0,0,1,0,0,,0
2600,东境混交林,0,,0,0,1,0,0,,0
2601,尖枪瀑布,0,,0,0,1,0,0,,0
2602,条纹丘,0,,0,0,1,0,0,,0
2603,无垢干谷,0,,0,0,1,0,0,,0
2604,林梢,0,,0,0,1,0,0,,0
2605,红锈岩山,0,,0,0,1,0,0,,0
2606,白鬼岩山,0,,0,0,1,0,0,,0
2607,约恩山,0,,0,0,1,0,0,,0
2608,高岸,0,,0,0,1,0,0,,0
2609,盐湖,0,,0,0,1,0,0,,0
2610,阿拉米格人居住区,0,,0,0,1,0,0,,0
2611,阿巴拉提亚龙头,0,,0,0,1,0,0,,0
2612,巴埃萨长城,0,,0,0,1,0,0,,0
2613,帝国东方堡,0,,0,0,1,0,0,,0
2614,自由门,0,,0,0,1,0,0,,0
2615,药场水车,0,,0,0,1,0,0,,0
2616,遮晨岩,0,,0,0,1,0,0,,0
2617,提蒙河,0,,0,0,1,0,0,,0
2618,奥温酒窖,0,,0,0,1,0,0,,0
2619,死灵道,0,,0,0,1,0,0,,0
2620,贤者树,0,,0,0,1,0,0,,0
2621,昏暗林,0,,0,0,1,0,0,,0
2622,猎人小屋,0,,0,0,1,0,0,,0
2623,帝国夜鸦基地,0,,0,0,1,0,0,,0
2624,流星尾,0,,0,0,1,0,0,,0
2625,迷悟桥,0,,0,0,1,0,0,,0
2626,威罗迪纳河,0,,0,0,1,0,0,,0
2627,开宗堂,0,,0,0,1,0,0,,0
2628,顿悟圆座,0,,0,0,1,0,0,,0
2629,睡狮台,0,,0,0,1,0,0,,0
2630,幻河,0,,0,0,1,0,0,,0
2631,幻我园,0,,0,0,1,0,0,,0
2632,威罗迪纳基地,0,,0,0,1,0,0,,0
2633,兄弟岩,0,,0,0,1,0,0,,0
2634,对等石,0,,0,0,1,0,0,,0
2635,勇巢,0,,0,0,1,0,0,,0
2636,善巢,0,,0,0,1,0,0,,0
2637,天母寝宫,0,,0,0,1,0,0,,0
2638,愚昧之路,0,,0,0,1,0,0,,0
2639,真谛之路,0,,0,0,1,0,0,,0
2640,呵欠洞,0,,0,0,1,0,0,,0
2641,启程回廊,0,,0,0,1,0,0,,0
2642,夫妇池,0,,0,0,1,0,0,,0
2643,拜隆粮场,0,,0,0,1,0,0,,0
2644,赤红神塔,0,,0,0,1,0,0,,0
2645,赤红厨房,0,,0,0,1,0,0,,0
2646,阿拉加纳,0,,0,0,1,0,0,,0
2647,慢水涤,0,,0,0,1,0,0,,0
2648,石匠瀑布,0,,0,0,1,0,0,,0
2649,石楠瀑布,0,,0,0,1,0,0,,0
2650,永润路,0,,0,0,1,0,0,,0
2651,藏泪丘,0,,0,0,1,0,0,,0
2652,睡石矿场,0,,0,0,1,0,0,,0
2653,判官神像,0,,0,0,1,0,0,,0
2654,迷茫路,0,,0,0,1,0,0,,0
2655,剃刀连山,0,,0,0,1,0,0,,0
2656,莫莫卢恩的母乳,0,,0,0,1,0,0,,0
2657,利刃大旅舍遗迹,0,,0,0,1,0,0,,0
2658,米里亚姆幸运路,0,,0,0,1,0,0,,0
2659,胆汁谷,0,,0,0,1,0,0,,0
2660,阿拉基利,0,,0,0,1,0,0,,0
2661,剑鞘风洞,0,,0,0,1,0,0,,0
2662,御制监望塔,0,,0,0,1,0,0,,0
2663,赎罪之腕,0,,0,0,1,0,0,,0
2664,纽恩克雷夫的方舟,0,,0,0,1,0,0,,0
2665,帝国白山堡,0,,0,0,1,0,0,,0
2666,辐射村,0,,0,0,1,0,0,,0
2667,黑铁大道,0,,0,0,1,0,0,,0
2668,猛牛浴池,0,,0,0,1,0,0,,0
2669,寒炉村,0,,0,0,1,0,0,,0
2670,天营门,0,,0,0,1,0,0,,0
2671,小桶炮群,0,,0,0,1,0,0,,0
2672,醉酒色鬼,0,,0,0,1,0,0,,0
2673,半月谷,0,,0,0,1,0,0,,0
2674,望云塔,0,,0,0,1,0,0,,0
2675,萨利僧院,0,,0,0,1,0,0,,0
2676,圣物院,0,,0,0,1,0,0,,0
2677,重担之暗,0,,0,0,1,0,0,,0
2678,试炼披风,0,,0,0,1,0,0,,0
2679,艾伊冠台,0,,0,0,1,0,0,,0
2680,罗斯利特云海,0,,0,0,1,0,0,,0
2681,贫民的金矿,0,,0,0,1,0,0,,0
2682,甜水,0,,0,0,1,0,0,,0
2683,柴堆村,0,,0,0,1,0,0,,0
2684,薪火塔,0,,0,0,1,0,0,,0
2685,盐村,0,,0,0,1,0,0,,0
2686,望湖塔,0,,0,0,1,0,0,,0
2687,破坏神像,0,,0,0,1,0,0,,0
2688,圣礼拜台,0,,0,0,1,0,0,,0
2689,废王像,0,,0,0,1,0,0,,0
2690,白路桥,0,,0,0,1,0,0,,0
2691,阿拉米格,0,,0,0,1,0,0,,0
2692,女王花园,0,,0,0,1,0,0,,0
2693,阿拉米格人居住区,0,,0,0,1,0,0,,0
2694,勇将门,0,,0,0,1,0,0,,0
2695,第四禁军兵舍,0,,0,0,1,0,0,,0
2696,第三禁军兵舍,0,,0,0,1,0,0,,0
2697,柯特石山,0,,0,0,1,0,0,,0
2698,欧尔冠台,0,,0,0,1,0,0,,0
2699,浸血墓地,0,,0,0,1,0,0,,0
2700,彷徨之剑纪念碑,0,,0,0,1,0,0,,0
2701,安灵所,0,,0,0,1,0,0,,0
2702,列王之歌,0,,0,0,1,0,0,,0
2703,强健王之墓,0,,0,0,1,0,0,,0
2704,王家猎场,0,,0,0,1,0,0,,0
2705,以太之光广场,0,,0,0,1,0,0,,0
2706,野战医院,0,,0,0,1,0,0,,0
2707,星导寺,0,,0,0,1,0,0,,0
2708,阿拉米格王立飞空艇着陆场,0,,0,0,1,0,0,,0
2709,阿拉米格王宫屋顶庭园,0,,0,0,1,0,0,,0
2710,破坏神像,0,,0,0,1,0,0,,0
2711,血雨的训诫,0,,0,0,1,0,0,,0
2712,代价之墓,0,,0,0,1,0,0,,0
2713,落星池,0,,0,0,1,0,0,,0
2714,脉轮大瀑布,0,,0,0,1,0,0,,0
2715,结晶化空间,0,,0,0,1,0,0,,0
2716,梦幻空间,0,,0,0,1,0,0,,0
2717,西格玛幻境1,0,,0,0,1,0,0,,0
2718,西格玛幻境2,0,,0,0,1,0,0,,0
2719,西格玛幻境3,0,,0,0,1,0,0,,0
2720,西格玛幻境4,0,,0,0,1,0,0,,0
2721,迷幻森林,0,,0,0,1,0,0,,0
2722,公馆地下室,0,,0,0,1,0,0,,0
2723,瓦砾之塔中层,0,,0,0,1,0,0,,0
2724,瓦砾之塔顶层,0,,0,0,1,0,0,,0
2725,普西幻境1,0,,0,0,1,0,0,,0
2726,过去的混沌神殿,0,,0,0,1,0,0,,0
2727,时空狭缝,0,,0,0,1,0,0,,0
2728,最终检测区,0,,0,0,1,0,0,,0
2729,最终防线,0,,0,0,1,0,0,,0
2730,沃土寝室,0,,0,0,1,0,0,,0
2731,环境控制所,0,,0,0,1,0,0,,0
2732,第3净化槽,0,,0,0,1,0,0,,0
2733,第2净化槽,0,,0,0,1,0,0,,0
2734,第1净化槽,0,,0,0,1,0,0,,0
2735,污泥王谒见室,0,,0,0,1,0,0,,0
2736,普西幻境2,0,,0,0,1,0,0,,0
2737,时空狭缝,0,,0,0,1,0,0,,0
2738,龙星,0,,0,0,1,0,0,,0
2739,重现宇宙,0,,0,0,1,0,0,,0
2740,第一防线,0,,0,0,1,0,0,,0
2741,第二防线,0,,0,0,1,0,0,,0
2742,艾欧泽亚同盟军大本营,0,,0,0,1,0,0,,0
2743,同盟军战壕,0,,0,0,1,0,0,,0
2744,破乱的广场,0,,0,0,1,0,0,,0
2745,飞空战舰坠落点,0,,0,0,1,0,0,,0
2746,硝烟荒野,0,,0,0,1,0,0,,0
2747,大爆炸痕迹,0,,0,0,1,0,0,,0
2748,灰烬荒野,0,,0,0,1,0,0,,0
2749,帝国临时飞艇坪,0,,0,0,1,0,0,,0
2750,螺旋海峡,0,,0,0,1,0,0,,0
2751,奥萨德东岸,0,,0,0,1,0,0,,0
2752,玄水连山,0,,0,0,1,0,0,,0
2753,无二江流域,0,,0,0,1,0,0,,0
2754,七彩溪谷,0,,0,0,1,0,0,,0
2755,多玛,0,,0,0,1,0,0,,0
2756,刃海,0,,0,0,1,0,0,,0
2757,昂萨哈凯尔,0,,0,0,1,0,0,,0
2758,挡风巨岩,0,,0,0,1,0,0,,0
2759,月神沙漠北端,0,,0,0,1,0,0,,0
2760,红玉炮台,0,,0,0,1,0,0,,0
2761,境岛,0,,0,0,1,0,0,,0
2762,狱之盖,0,,0,0,1,0,0,,0
2763,蟹茹滨,0,,0,0,1,0,0,,0
2764,血流,0,,0,0,1,0,0,,0
2765,鬼王澡,0,,0,0,1,0,0,,0
2766,酒杯岛,0,,0,0,1,0,0,,0
2767,龟甲岛,0,,0,0,1,0,0,,0
2768,龟甲喷泉,0,,0,0,1,0,0,,0
2769,碧玉水,0,,0,0,1,0,0,,0
2770,珊瑚台,0,,0,0,1,0,0,,0
2771,冲之岩,0,,0,0,1,0,0,,0
2772,翠水乡,0,,0,0,1,0,0,,0
2773,自凝岛,0,,0,0,1,0,0,,0
2774,痉挛寨,0,,0,0,1,0,0,,0
2775,天之御柱,0,,0,0,1,0,0,,0
2776,万年松,0,,0,0,1,0,0,,0
2777,快逃栈桥,0,,0,0,1,0,0,,0
2778,苍玉海沟,0,,0,0,1,0,0,,0
2779,紫水宫,0,,0,0,1,0,0,,0
2780,冒险号,0,,0,0,1,0,0,,0
2781,小林丸,0,,0,0,1,0,0,,0
2782,采贝洞,0,,0,0,1,0,0,,0
2783,镜仙洞,0,,0,0,1,0,0,,0
2784,石牡丹岩窟,0,,0,0,1,0,0,,0
2785,渔村,0,,0,0,1,0,0,,0
2786,绝鬼岛,0,,0,0,1,0,0,,0
2787,潜洞,0,,0,0,1,0,0,,0
2788,富豪居,0,,0,0,1,0,0,,0
2789,醉蛙小屋,0,,0,0,1,0,0,,0
2790,祖灵笑,0,,0,0,1,0,0,,0
2791,苍鹭瀑布,0,,0,0,1,0,0,,0
2792,苍鹭河,0,,0,0,1,0,0,,0
2793,茨菰村,0,,0,0,1,0,0,,0
2794,梅泉乡,0,,0,0,1,0,0,,0
2795,无二江,0,,0,0,1,0,0,,0
2796,西龙鳞桥,0,,0,0,1,0,0,,0
2797,东龙鳞桥,0,,0,0,1,0,0,,0
2798,草刈家,0,,0,0,1,0,0,,0
2799,帝国河畔堡,0,,0,0,1,0,0,,0
2800,弓束官邸,0,,0,0,1,0,0,,0
2801,岩燕庙,0,,0,0,1,0,0,,0
2802,大龙月门,0,,0,0,1,0,0,,0
2803,青磷水保管所,0,,0,0,1,0,0,,0
2804,高速魔导驱逐艇L-XXIII,0,,0,0,1,0,0,,0
2805,烈士庵,0,,0,0,1,0,0,,0
2806,万丝绦,0,,0,0,1,0,0,,0
2807,七彩沟,0,,0,0,1,0,0,,0
2808,门前卫街,0,,0,0,1,0,0,,0
2809,城下码头,0,,0,0,1,0,0,,0
2810,多玛王城,0,,0,0,1,0,0,,0
2811,踏裾桥,0,,0,0,1,0,0,,0
2812,大龙瀑,0,,0,0,1,0,0,,0
2813,多玛飞地,0,,0,0,1,0,0,,0
2814,重逢集市,0,,0,0,1,0,0,,0
2815,拉其儿的失算,0,,0,0,1,0,0,,0
2816,懦夫吊桥,0,,0,0,1,0,0,,0
2817,哈克卡勒河,0,,0,0,1,0,0,,0
2818,拉伊卡勒河,0,,0,0,1,0,0,,0
2819,涅木卡勒河,0,,0,0,1,0,0,,0
2820,卡克儿衣楼,0,,0,0,1,0,0,,0
2821,模儿衣楼,0,,0,0,1,0,0,,0
2822,晨曦王座,0,,0,0,1,0,0,,0
2823,太阳湖,0,,0,0,1,0,0,,0
2824,兄长桥,0,,0,0,1,0,0,,0
2825,大地伤痕,0,,0,0,1,0,0,,0
2826,蛇喉,0,,0,0,1,0,0,,0
2827,楔石洞,0,,0,0,1,0,0,,0
2828,塔奥卡勒河,0,,0,0,1,0,0,,0
2829,升月高地,0,,0,0,1,0,0,,0
2830,尾山山脉,0,,0,0,1,0,0,,0
2831,通天山,0,,0,0,1,0,0,,0
2832,恰佳遗骨堂,0,,0,0,1,0,0,,0
2833,巴儿达木霸道,0,,0,0,1,0,0,,0
2834,乔尔艾恩石环,0,,0,0,1,0,0,,0
2835,维亚吉儿古巢,0,,0,0,1,0,0,,0
2836,百一启示,0,,0,0,1,0,0,,0
2837,克累儿衣楼,0,,0,0,1,0,0,,0
2838,暮晖王座,0,,0,0,1,0,0,,0
2839,亚特卡勒河,0,,0,0,1,0,0,,0
2840,月神沙漠,0,,0,0,1,0,0,,0
2841,祝福之路,0,,0,0,1,0,0,,0
2842,朵塔儿水洲,0,,0,0,1,0,0,,0
2843,城下码头,0,,0,0,1,0,0,,0
2844,多玛飞地码头,0,,0,0,1,0,0,,0
2845,茜云栈桥码头,0,,0,0,1,0,0,,0
2846,[扩建区]茜云栈桥码头,0,,0,0,1,0,0,,0
2847,归燕馆,0,,0,0,1,0,0,,0
2848,车前会所,0,,0,0,1,0,0,,0
2849,以太之光广场,0,,0,0,1,0,0,,0
2850,朵洛衣楼,0,,0,0,1,0,0,,0
2851,终末焦土,0,,0,0,1,0,0,,0
2852,百货市场,0,,0,0,1,0,0,,0
2853,匠人街,0,,0,0,1,0,0,,0
2854,农耕地,0,,0,0,1,0,0,,0
2855,栗斋学堂,0,,0,0,1,0,0,,0
2856,巡逻队驻所,0,,0,0,1,0,0,,0
2857,瞭望塔,0,,0,0,1,0,0,,0
2858,无二庭园,0,,0,0,1,0,0,,0
2859,多玛飞地南（栗斋学堂）,0,,0,0,1,0,0,,0
2860,多玛飞地北（无二庭园/农耕地）,0,,0,0,1,0,0,,0
2861,无二江流域（延夏方面）,0,,0,0,1,0,0,,0
2862,艾欧泽亚同盟军大本营,0,,0,0,1,0,0,,0
2863,加雷马帝国军天幕,0,,0,0,1,0,0,,0
2864,乐欲之所瓯博讷修道院,0,,0,0,1,0,0,,0
2865,葛尔摩大密林,0,,0,0,1,0,0,,0
2866,瓯博讷修道院,0,,0,0,1,0,0,,0
2867,死都,0,,0,0,1,0,0,,0
2868,密林圆场,0,,0,0,1,0,0,,0
2869,机工士的领域,0,,0,0,1,0,0,,0
2870,圣骑士的领域,0,,0,0,1,0,0,,0
2871,无命街路,0,,0,0,1,0,0,,0
2872,雷神的领域,0,,0,0,1,0,0,,0
2873,水晶监狱,0,,0,0,1,0,0,,0
2874,忏悔室,0,,0,0,1,0,0,,0
2875,古代斗技场,0,,0,0,1,0,0,,0
2876,中点,0,,0,0,1,0,0,,0
2877,瓦尔河西岸,0,,0,0,1,0,0,,0
2878,瓦尔河源流,0,,0,0,1,0,0,,0
2879,瓦尔河东岸,0,,0,0,1,0,0,,0
2880,总部塔入口,0,,0,0,1,0,0,,0
2881,兵武塔底层,0,,0,0,1,0,0,,0
2882,兵武塔中层,0,,0,0,1,0,0,,0
2883,兵武塔灵极层,0,,0,0,1,0,0,,0
2884,兵武塔星极层,0,,0,0,1,0,0,,0
2885,兵武塔顶层,0,,0,0,1,0,0,,0
2886,西部魔力桥脚,0,,0,0,1,0,0,,0
2887,中央魔力桥脚,0,,0,0,1,0,0,,0
2888,东部魔力桥脚,0,,0,0,1,0,0,,0
2889,魔力桥基,0,,0,0,1,0,0,,0
2890,水晶龙的领地,0,,0,0,1,0,0,,0
2891,封印术研究楼遗迹,0,,0,0,1,0,0,,0
2892,毁坏的宿舍,0,,0,0,1,0,0,,0
2893,委员长办公室,0,,0,0,1,0,0,,0
2894,入口,0,,0,0,1,0,0,,0
2895,烈焰金枪封印区,0,,0,0,1,0,0,,0
2896,红颈妖枪封印区,0,,0,0,1,0,0,,0
2897,真·斩铁剑封印区,0,,0,0,1,0,0,,0
2898,美德之枪封印区,0,,0,0,1,0,0,,0
2899,奥兹玛原型封印区,0,,0,0,1,0,0,,0
2900,第二防波堤,0,,0,0,1,0,0,,0
2901,乐座街,0,,0,0,1,0,0,,0
2902,小防波堤,0,,0,0,1,0,0,,0
2903,小金街,0,,0,0,1,0,0,,0
2904,第一防波堤,0,,0,0,1,0,0,,0
2905,异人街,0,,0,0,1,0,0,,0
2906,潮风亭,0,,0,0,1,0,0,,0
2907,转魂塔广场,0,,0,0,1,0,0,,0
2908,海猫茶屋,0,,0,0,1,0,0,,0
2909,瑞光像,0,,0,0,1,0,0,,0
2910,望海楼,0,,0,0,1,0,0,,0
2911,望海泉,0,,0,0,1,0,0,,0
2912,松叶门外广场,0,,0,0,1,0,0,,0
2913,松叶门,0,,0,0,1,0,0,,0
2914,三条花街,0,,0,0,1,0,0,,0
2915,赤诚组营房,0,,0,0,1,0,0,,0
2916,船库,0,,0,0,1,0,0,,0
2917,无地鼓座,0,,0,0,1,0,0,,0
2918,三号仓库,0,,0,0,1,0,0,,0
2919,五号仓库,0,,0,0,1,0,0,,0
2920,小锻冶屋,0,,0,0,1,0,0,,0
2921,黄金船库,0,,0,0,1,0,0,,0
2922,黑母衣丸,0,,0,0,1,0,0,,0
2923,乌尔达哈商会馆,0,,0,0,1,0,0,,0
2924,乐水园,0,,0,0,1,0,0,,0
2925,加雷马帝国大使馆,0,,0,0,1,0,0,,0
2926,拉札罕大使馆,0,,0,0,1,0,0,,0
2927,乌尔达哈商会馆接待室,0,,0,0,1,0,0,,0
2928,黄昏桥,0,,0,0,1,0,0,,0
2929,第二防波堤码头,0,,0,0,1,0,0,,0
2930,黄金港飞艇坪,0,,0,0,1,0,0,,0
2931,以太之光广场,0,,0,0,1,0,0,,0
2932,黄金大桥上的死斗,0,,0,0,1,0,0,,0
2933,艾玛吉娜杯斗技大会决赛,0,,0,0,1,0,0,,0
2934,码头,0,,0,0,1,0,0,,0
2935,甘戈斯,0,,0,0,1,0,0,,0
2936,,0,,0,0,1,0,0,,0
2937,,0,,0,0,1,0,0,,0
2938,,0,,0,0,1,0,0,,0
2939,,0,,0,0,1,0,0,,0
2940,,0,,0,0,1,0,0,,0
2941,,0,,0,0,1,0,0,,0
2942,,0,,0,0,1,0,0,,0
2943,,0,,0,0,1,0,0,,0
2944,,0,,0,0,1,0,0,,0
2945,,0,,0,0,1,0,0,,0
2946,,0,,0,0,1,0,0,,0
2947,,0,,0,0,1,0,0,,0
2948,,0,,0,0,1,0,0,,0
2949,诺弗兰特,0,,0,0,1,0,0,,0
2950,诺弗兰特,0,,0,0,1,0,0,,0
2951,水晶都,0,,0,0,1,0,0,,0
2952,游末邦,0,,0,0,1,0,0,,0
2953,雷克兰德,0,,0,0,1,0,0,,0
2954,珂露西亚岛,0,,0,0,1,0,0,,0
2955,安穆·艾兰,0,,0,0,1,0,0,,0
2956,伊尔美格,0,,0,0,1,0,0,,0
2957,拉凯提卡大森林,0,,0,0,1,0,0,,0
2958,黑风海,0,,0,0,1,0,0,,0
2959,秘密花园,0,,0,0,1,0,0,,0
2960,迷惘之森,0,,0,0,1,0,0,,0
2961,幻惑之湖,0,,0,0,1,0,0,,0
2962,幻惑之城,0,,0,0,1,0,0,,0
2963,微睡之泉,0,,0,0,1,0,0,,0
2964,扭绞大树,0,,0,0,1,0,0,,0
2965,水妖浴场,0,,0,0,1,0,0,,0
2966,格里奥勒的睡床,0,,0,0,1,0,0,,0
2967,水面大堂,0,,0,0,1,0,0,,0
2968,王冠之间,0,,0,0,1,0,0,,0
2969,升天大厅,0,,0,0,1,0,0,,0
2970,冥界大空洞,0,,0,0,1,0,0,,0
2971,大改造区,0,,0,0,1,0,0,,0
2972,崩坏的通道,0,,0,0,1,0,0,,0
2973,时空潜行装置,0,,0,0,1,0,0,,0
2974,炼狱入口,0,,0,0,1,0,0,,0
2975,改造据点,0,,0,0,1,0,0,,0
2976,以太观测台,0,,0,0,1,0,0,,0
2977,主动力以太炉,0,,0,0,1,0,0,,0
2978,时空潜行装置中枢,0,,0,0,1,0,0,,0
2979,多恩美格禁园,0,,0,0,1,0,0,,0
2980,幻惑之园,0,,0,0,1,0,0,,0
2981,幻惑之城,0,,0,0,1,0,0,,0
2982,希尔科斯孪晶塔,0,,0,0,1,0,0,,0
2983,地下浅层,0,,0,0,1,0,0,,0
2984,地下深层,0,,0,0,1,0,0,,0
2985,亚马乌罗提,0,,0,0,1,0,0,,0
2986,即将毁灭的国都,0,,0,0,1,0,0,,0
2987,即将毁灭的行星,0,,0,0,1,0,0,,0
2988,看哪，那些兽被解放了出来,0,,0,0,1,0,0,,0
2989,它们杀害世人、烧毁城镇,0,,0,0,1,0,0,,0
2990,这便是，第一之灾难,0,,0,0,1,0,0,,0
2991,随后，仍有两场灾难将到来,0,,0,0,1,0,0,,0
2992,我们的明天已化为余烬,0,,0,0,1,0,0,,0
2993,这便是，第二之灾难,0,,0,0,1,0,0,,0
2994,毁灭犹如暗影迅速扩张,0,,0,0,1,0,0,,0
2995,地上万物皆无处可逃,0,,0,0,1,0,0,,0
2996,这便是，第三之灾难,0,,0,0,1,0,0,,0
2997,格鲁格火山,0,,0,0,1,0,0,,0
2998,破损的山路,0,,0,0,1,0,0,,0
2999,纯白门,0,,0,0,1,0,0,,0
3000,光芒阶梯,0,,0,0,1,0,0,,0
3001,大塔罗斯的脊背,0,,0,0,1,0,0,,0
3002,大塔罗斯的右臂,0,,0,0,1,0,0,,0
3003,漂白的山路,0,,0,0,1,0,0,,0
3004,篡改的山路,0,,0,0,1,0,0,,0
3005,下层,0,,0,0,1,0,0,,0
3006,上层,0,,0,0,1,0,0,,0
3007,阿尼德罗学院,0,,0,0,1,0,0,,0
3008,水生生物创造场,0,,0,0,1,0,0,,0
3009,草木生物创造场,0,,0,0,1,0,0,,0
3010,幻想生物创造场,0,,0,0,1,0,0,,0
3011,学院正门,0,,0,0,1,0,0,,0
3012,米特隆院,0,,0,0,1,0,0,,0
3013,哈尔马鲁特院,0,,0,0,1,0,0,,0
3014,拉哈布雷亚院,0,,0,0,1,0,0,,0
3015,室内,0,,0,0,1,0,0,,0
3016,屋顶,0,,0,0,1,0,0,,0
3017,差分闭合宇宙,0,,0,0,1,0,0,,0
3018,奇坦那神影洞,0,,0,0,1,0,0,,0
3019,奇塔利的责问,0,,0,0,1,0,0,,0
3020,神前石门,0,,0,0,1,0,0,,0
3021,伊奇丝洛克瓦之睡床,0,,0,0,1,0,0,,0
3022,伊奇丝安帕之神泪,0,,0,0,1,0,0,,0
3023,映照神影之洞窟,0,,0,0,1,0,0,,0
3024,奥奇斯恰尔之舞场,0,,0,0,1,0,0,,0
3025,拉凯提卡大飞流,0,,0,0,1,0,0,,0
3026,奥奇斯加托尔之祭坛,0,,0,0,1,0,0,,0
3027,伪造的宫殿,0,,0,0,1,0,0,,0
3028,马利卡大井,0,,0,0,1,0,0,,0
3029,轨道车站,0,,0,0,1,0,0,,0
3030,马利卡水源,0,,0,0,1,0,0,,0
3031,无偿离宫,0,,0,0,1,0,0,,0
3032,赤红水殿,0,,0,0,1,0,0,,0
3033,翠绿坑道,0,,0,0,1,0,0,,0
3034,青蓝水脉,0,,0,0,1,0,0,,0
3035,漂白的洞穴,0,,0,0,1,0,0,,0
3036,迷途羊倌之森,0,,0,0,1,0,0,,0
3037,水晶公之门,0,,0,0,1,0,0,,0
3038,风化大地,0,,0,0,1,0,0,,0
3039,始源湖,0,,0,0,1,0,0,,0
3040,射孔,0,,0,0,1,0,0,,0
3041,追随者之门,0,,0,0,1,0,0,,0
3042,束带路,0,,0,0,1,0,0,,0
3043,千山,0,,0,0,1,0,0,,0
3044,乔布要塞,0,,0,0,1,0,0,,0
3045,光耀教会,0,,0,0,1,0,0,,0
3046,石桥,0,,0,0,1,0,0,,0
3047,拉迪斯卡瞭望塔,0,,0,0,1,0,0,,0
3048,止步堡垒,0,,0,0,1,0,0,,0
3049,北方集合地,0,,0,0,1,0,0,,0
3050,水滩村,0,,0,0,1,0,0,,0
3051,清融街,0,,0,0,1,0,0,,0
3052,无垢之证,0,,0,0,1,0,0,,0
3053,拉克汕城,0,,0,0,1,0,0,,0
3054,自缢塔,0,,0,0,1,0,0,,0
3055,三重生大厅,0,,0,0,1,0,0,,0
3056,巨人的兔窝,0,,0,0,1,0,0,,0
3057,奥斯塔尔严命城,0,,0,0,1,0,0,,0
3058,豺狼影府,0,,0,0,1,0,0,,0
3059,阴沉乡,0,,0,0,1,0,0,,0
3060,杂草岛,0,,0,0,1,0,0,,0
3061,砖土岛,0,,0,0,1,0,0,,0
3062,疙瘩岛,0,,0,0,1,0,0,,0
3063,波浪岛,0,,0,0,1,0,0,,0
3064,湿鞋栈桥,0,,0,0,1,0,0,,0
3065,责罚监狱,0,,0,0,1,0,0,,0
3066,锈锁街,0,,0,0,1,0,0,,0
3067,不渴岸滩,0,,0,0,1,0,0,,0
3068,贤岛,0,,0,0,1,0,0,,0
3069,裸岩,0,,0,0,1,0,0,,0
3070,光明崖,0,,0,0,1,0,0,,0
3071,落影崖,0,,0,0,1,0,0,,0
3072,碎石山地,0,,0,0,1,0,0,,0
3073,侏儒山脉,0,,0,0,1,0,0,,0
3074,碎贝海岸,0,,0,0,1,0,0,,0
3075,滞潮村,0,,0,0,1,0,0,,0
3076,漏洞小舟亭,0,,0,0,1,0,0,,0
3077,总督田地,0,,0,0,1,0,0,,0
3078,白油瀑布,0,,0,0,1,0,0,,0
3079,格瑞里猪栏,0,,0,0,1,0,0,,0
3080,缓慢道,0,,0,0,1,0,0,,0
3081,南渡桥,0,,0,0,1,0,0,,0
3082,格瑞里大桥,0,,0,0,1,0,0,,0
3083,沃茨河下游,0,,0,0,1,0,0,,0
3084,怪人小屋,0,,0,0,1,0,0,,0
3085,门前区,0,,0,0,1,0,0,,0
3086,欢迎门,0,,0,0,1,0,0,,0
3087,鲸角,0,,0,0,1,0,0,,0
3088,凿岩门,0,,0,0,1,0,0,,0
3089,击木灯塔,0,,0,0,1,0,0,,0
3090,观海塔,0,,0,0,1,0,0,,0
3091,观石塔,0,,0,0,1,0,0,,0
3092,温蒙特造船厂,0,,0,0,1,0,0,,0
3093,损舰角,0,,0,0,1,0,0,,0
3094,工匠村,0,,0,0,1,0,0,,0
3095,蜡封牧场,0,,0,0,1,0,0,,0
3096,柔风海湾,0,,0,0,1,0,0,,0
3097,梯底,0,,0,0,1,0,0,,0
3098,大升降机,0,,0,0,1,0,0,,0
3099,山包岛,0,,0,0,1,0,0,,0
3100,刺舌滴,0,,0,0,1,0,0,,0
3101,大海女儿的舞场,0,,0,0,1,0,0,,0
3102,梯顶,0,,0,0,1,0,0,,0
3103,友好村,0,,0,0,1,0,0,,0
3104,八号坑口,0,,0,0,1,0,0,,0
3105,图姆拉村,0,,0,0,1,0,0,,0
3106,迅速道,0,,0,0,1,0,0,,0
3107,南琥珀丘,0,,0,0,1,0,0,,0
3108,沃茨河上游,0,,0,0,1,0,0,,0
3109,碎煮夜枭桥,0,,0,0,1,0,0,,0
3110,烟管桥,0,,0,0,1,0,0,,0
3111,古姆拉村,0,,0,0,1,0,0,,0
3112,侏儒烟囱,0,,0,0,1,0,0,,0
3113,矮人洞窟,0,,0,0,1,0,0,,0
3114,沙尔北城,0,,0,0,1,0,0,,0
3115,琥珀原,0,,0,0,1,0,0,,0
3116,北琥珀丘,0,,0,0,1,0,0,,0
3117,中琥珀丘,0,,0,0,1,0,0,,0
3118,废都拿巴示艾兰,0,,0,0,1,0,0,,0
3119,红店野营地,0,,0,0,1,0,0,,0
3120,沙河,0,,0,0,1,0,0,,0
3121,萨迈尔脊骨,0,,0,0,1,0,0,,0
3122,鼹灵集市,0,,0,0,1,0,0,,0
3123,帽之塔,0,,0,0,1,0,0,,0
3124,手之风车,0,,0,0,1,0,0,,0
3125,脚之风车,0,,0,0,1,0,0,,0
3126,眼之塔,0,,0,0,1,0,0,,0
3127,鼻之塔,0,,0,0,1,0,0,,0
3128,须之塔,0,,0,0,1,0,0,,0
3129,上路客店,0,,0,0,1,0,0,,0
3130,铁架塔,0,,0,0,1,0,0,,0
3131,拿巴示断绝,0,,0,0,1,0,0,,0
3132,比朗大矿山,0,,0,0,1,0,0,,0
3133,迦利克村,0,,0,0,1,0,0,,0
3134,尾之道,0,,0,0,1,0,0,,0
3135,络尾聚落,0,,0,0,1,0,0,,0
3136,凯尔克遗迹,0,,0,0,1,0,0,,0
3137,索道矿车站,0,,0,0,1,0,0,,0
3138,努贝依旧矿山,0,,0,0,1,0,0,,0
3139,马利卡大井,0,,0,0,1,0,0,,0
3140,水站,0,,0,0,1,0,0,,0
3141,索道矿车站,0,,0,0,1,0,0,,0
3142,安穆马利克新宫殿,0,,0,0,1,0,0,,0
3143,空无大地,0,,0,0,1,0,0,,0
3144,桃色睡床,0,,0,0,1,0,0,,0
3145,身镜湖,0,,0,0,1,0,0,,0
3146,孚布特堡,0,,0,0,1,0,0,,0
3147,群花馆,0,,0,0,1,0,0,,0
3148,群树馆,0,,0,0,1,0,0,,0
3149,多恩美格禁园,0,,0,0,1,0,0,,0
3150,笃学者庄园,0,,0,0,1,0,0,,0
3151,手镜湖,0,,0,0,1,0,0,,0
3152,优雅馆,0,,0,0,1,0,0,,0
3153,沉没教会,0,,0,0,1,0,0,,0
3154,鱼群镇,0,,0,0,1,0,0,,0
3155,杰娜娜宽容道,0,,0,0,1,0,0,,0
3156,普拉恩尼茸洞,0,,0,0,1,0,0,,0
3157,云村,0,,0,0,1,0,0,,0
3158,六子浅滩,0,,0,0,1,0,0,,0
3159,达穆伦巡礼教会遗迹,0,,0,0,1,0,0,,0
3160,科拉德菌床,0,,0,0,1,0,0,,0
3161,圣法斯里克天庭,0,,0,0,1,0,0,,0
3162,安登小羊圈,0,,0,0,1,0,0,,0
3163,艾雅拉登城桥,0,,0,0,1,0,0,,0
3164,梦羽城,0,,0,0,1,0,0,,0
3165,希秋亚湿原,0,,0,0,1,0,0,,0
3166,蛇水湖,0,,0,0,1,0,0,,0
3167,伊奇丝玛雅艾禁林,0,,0,0,1,0,0,,0
3168,星墓塔遗迹群,0,,0,0,1,0,0,,0
3169,戈恩要塞,0,,0,0,1,0,0,,0
3170,蛇行枝,0,,0,0,1,0,0,,0
3171,至暗所,0,,0,0,1,0,0,,0
3172,书著者树洞,0,,0,0,1,0,0,,0
3173,洛查特尔大阶梯,0,,0,0,1,0,0,,0
3174,结誓洞窟,0,,0,0,1,0,0,,0
3175,阿丝塔蒂亚的胞宫,0,,0,0,1,0,0,,0
3176,水蛇宝卵,0,,0,0,1,0,0,,0
3177,破裂卵壳,0,,0,0,1,0,0,,0
3178,朵瓦特里沉没神殿,0,,0,0,1,0,0,,0
3179,法诺村,0,,0,0,1,0,0,,0
3180,休憩广场,0,,0,0,1,0,0,,0
3181,野园,0,,0,0,1,0,0,,0
3182,射手露宿地,0,,0,0,1,0,0,,0
3183,缪栎的乡愁,0,,0,0,1,0,0,,0
3184,风涡,0,,0,0,1,0,0,,0
3185,四晨星,0,,0,0,1,0,0,,0
3186,奥奇斯加托尔之星墓,0,,0,0,1,0,0,,0
3187,伊奇丝洛克瓦之星墓,0,,0,0,1,0,0,,0
3188,奥奇斯恰尔之星墓,0,,0,0,1,0,0,,0
3189,伊奇丝安帕之星墓,0,,0,0,1,0,0,,0
3190,万神大星墓,0,,0,0,1,0,0,,0
3191,大图帕萨礼拜堂,0,,0,0,1,0,0,,0
3192,诺弗兰特大陆坡,0,,0,0,1,0,0,,0
3193,卡利班深海峡,0,,0,0,1,0,0,,0
3194,亚马乌罗提,0,,0,0,1,0,0,,0
3195,鳍人潮池,0,,0,0,1,0,0,,0
3196,鳎沙地窖,0,,0,0,1,0,0,,0
3197,奇人工作室,0,,0,0,1,0,0,,0
3198,珍珠沙壶,0,,0,0,1,0,0,,0
3199,陆人墓标,0,,0,0,1,0,0,,0
3200,无主遗迹,0,,0,0,1,0,0,,0
3201,尊紫洞,0,,0,0,1,0,0,,0
3202,卡利班古巢,0,,0,0,1,0,0,,0
3203,阿科拉塔,0,,0,0,1,0,0,,0
3204,波利来赖塔官厅区,0,,0,0,1,0,0,,0
3205,马克连萨斯广场,0,,0,0,1,0,0,,0
3206,人民辩论馆,0,,0,0,1,0,0,,0
3207,创造管理局,0,,0,0,1,0,0,,0
3208,人民行政局,0,,0,0,1,0,0,,0
3209,人民秘书局,0,,0,0,1,0,0,,0
3210,国会议事堂,0,,0,0,1,0,0,,0
3211,第一之灾难,0,,0,0,1,0,0,,0
3212,第二之灾难,0,,0,0,1,0,0,,0
3213,第三之灾难,0,,0,0,1,0,0,,0
3214,伊甸内核,0,,0,0,1,0,0,,0
3215,伊甸甲板,0,,0,0,1,0,0,,0
3216,涅柔斯海渊,0,,0,0,1,0,0,,0
3217,阿特拉斯山顶,0,,0,0,1,0,0,,0
3218,妖灵王舞场,0,,0,0,1,0,0,,0
3219,完璧王座,0,,0,0,1,0,0,,0
3220,末日亚马乌罗提,0,,0,0,1,0,0,,0
3221,希尔科斯峡谷,0,,0,0,1,0,0,,0
3222,悬挂公馆起居室,0,,0,0,1,0,0,,0
3223,观星室,0,,0,0,1,0,0,,0
3224,圣殿堂,0,,0,0,1,0,0,,0
3225,空无大地,0,,0,0,1,0,0,,0
3226,拿巴示矿山,0,,0,0,1,0,0,,0
3227,隆卡遗迹,0,,0,0,1,0,0,,0
3228,大图帕萨礼拜堂,0,,0,0,1,0,0,,0
3229,梦羽宝境,0,,0,0,1,0,0,,0
3230,入口,0,,0,0,1,0,0,,0
3231,第一区,0,,0,0,1,0,0,,0
3232,第二区,0,,0,0,1,0,0,,0
3233,第三区,0,,0,0,1,0,0,,0
3234,第四区,0,,0,0,1,0,0,,0
3235,最终区,0,,0,0,1,0,0,,0
3236,圆顶区,0,,0,0,1,0,0,,0
3237,天顶区,0,,0,0,1,0,0,,0
3238,三艺区,0,,0,0,1,0,0,,0
3239,四艺区,0,,0,0,1,0,0,,0
3240,密铺铁桥,0,,0,0,1,0,0,,0
3241,以太之光广场,0,,0,0,1,0,0,,0
3242,露天席大广场,0,,0,0,1,0,0,,0
3243,深虑室,0,,0,0,1,0,0,,0
3244,幔布门,0,,0,0,1,0,0,,0
3245,希尔科斯塔水晶塔,0,,0,0,1,0,0,,0
3246,圣林牧场,0,,0,0,1,0,0,,0
3247,阿马罗栈桥,0,,0,0,1,0,0,,0
3248,中庸工艺馆,0,,0,0,1,0,0,,0
3249,炼金医疗馆,0,,0,0,1,0,0,,0
3250,弹道军武馆,0,,0,0,1,0,0,,0
3251,博物陈列馆,0,,0,0,1,0,0,,0
3252,自由辩论馆,0,,0,0,1,0,0,,0
3253,作物园艺馆,0,,0,0,1,0,0,,0
3254,宇宙和音,0,,0,0,1,0,0,,0
3255,彷徨阶梯亭,0,,0,0,1,0,0,,0
3256,悬链公馆,0,,0,0,1,0,0,,0
3257,甜滤果树园,0,,0,0,1,0,0,,0
3258,废船街,0,,0,0,1,0,0,,0
3259,树根层,0,,0,0,1,0,0,,0
3260,树干层,0,,0,0,1,0,0,,0
3261,树梢层,0,,0,0,1,0,0,,0
3262,树叶层,0,,0,0,1,0,0,,0
3263,光荣门,0,,0,0,1,0,0,,0
3264,腐臭花园,0,,0,0,1,0,0,,0
3265,喜悦大堂,0,,0,0,1,0,0,,0
3266,入国审查局,0,,0,0,1,0,0,,0
3267,移民登记局,0,,0,0,1,0,0,,0
3268,洗濯室,0,,0,0,1,0,0,,0
3269,一号交易办公室,0,,0,0,1,0,0,,0
3270,二号交易办公室,0,,0,0,1,0,0,,0
3271,交易仓库,0,,0,0,1,0,0,,0
3272,木质梯,0,,0,0,1,0,0,,0
3273,游末邦军总司令部,0,,0,0,1,0,0,,0
3274,承重柱,0,,0,0,1,0,0,,0
3275,以太之光广场,0,,0,0,1,0,0,,0
3276,贵妇会客厅,0,,0,0,1,0,0,,0
3277,蜂箱夜总会,0,,0,0,1,0,0,,0
3278,树冠梯,0,,0,0,1,0,0,,0
3279,巡天路,0,,0,0,1,0,0,,0
3280,元首办公室,0,,0,0,1,0,0,,0
3281,紫黑森林,0,,0,0,1,0,0,,0
3282,青烟牧场,0,,0,0,1,0,0,,0
3283,焦热村落,0,,0,0,1,0,0,,0
3284,紫黑裂痕,0,,0,0,1,0,0,,0
3285,家畜卖场,0,,0,0,1,0,0,,0
3286,燃烧路口,0,,0,0,1,0,0,,0
3287,领主府前院,0,,0,0,1,0,0,,0
3288,悬挂公馆,0,,0,0,1,0,0,,0
3289,三艺区,0,,0,0,1,0,0,,0
3290,四艺区,0,,0,0,1,0,0,,0
3291,水晶都起居室,0,,0,0,1,0,0,,0
3292,风化裂痕,0,,0,0,1,0,0,,0
3293,锈迹贮水池,0,,0,0,1,0,0,,0
3294,始源湖,0,,0,0,1,0,0,,0
3295,阴沉乡,0,,0,0,1,0,0,,0
3296,贤岛,0,,0,0,1,0,0,,0
3297,沃茨河上游,0,,0,0,1,0,0,,0
3298,白油瀑布,0,,0,0,1,0,0,,0
3299,沃茨河下游,0,,0,0,1,0,0,,0
3300,刺舌滴,0,,0,0,1,0,0,,0
3301,珂露西亚岛西海岸,0,,0,0,1,0,0,,0
3302,观海湾,0,,0,0,1,0,0,,0
3303,珂露西亚岛东海岸,0,,0,0,1,0,0,,0
3304,废船街,0,,0,0,1,0,0,,0
3305,沙河,0,,0,0,1,0,0,,0
3306,拿巴示断绝,0,,0,0,1,0,0,,0
3307,琥珀丘,0,,0,0,1,0,0,,0
3308,手镜湖,0,,0,0,1,0,0,,0
3309,身镜湖,0,,0,0,1,0,0,,0
3310,傲慢的年长溪流,0,,0,0,1,0,0,,0
3311,嫉妒的年少溪流,0,,0,0,1,0,0,,0
3312,宠坏的年幼溪流,0,,0,0,1,0,0,,0
3313,圣法斯里克天庭,0,,0,0,1,0,0,,0
3314,科拉德排水沟,0,,0,0,1,0,0,,0
3315,蛇水湖,0,,0,0,1,0,0,,0
3316,血盅,0,,0,0,1,0,0,,0
3317,洛查特尔河,0,,0,0,1,0,0,,0
3318,缪栎的乡愁南部,0,,0,0,1,0,0,,0
3319,结誓洞窟,0,,0,0,1,0,0,,0
3320,鳎沙地窖,0,,0,0,1,0,0,,0
3321,陆人墓标,0,,0,0,1,0,0,,0
3322,卡利班深海峡西北,0,,0,0,1,0,0,,0
3323,卡利班古巢西,0,,0,0,1,0,0,,0
3324,卡利班古巢东,0,,0,0,1,0,0,,0
3325,尊紫洞,0,,0,0,1,0,0,,0
3326,诺弗兰特大陆坡,0,,0,0,1,0,0,,0
3327,以太之光广场,0,,0,0,1,0,0,,0
3328,宇宙和音市场,0,,0,0,1,0,0,,0
3329,圣林牧场,0,,0,0,1,0,0,,0
3330,幔布门前（观星室）,0,,0,0,1,0,0,,0
3331,悬挂公馆前,0,,0,0,1,0,0,,0
3332,阿马罗栈桥前,0,,0,0,1,0,0,,0
3333,中庸工艺馆前,0,,0,0,1,0,0,,0
3334,博物陈列馆前,0,,0,0,1,0,0,,0
3335,密铺铁桥（雷克兰德方面）,0,,0,0,1,0,0,,0
3336,以太之光广场,0,,0,0,1,0,0,,0
3337,废船街东南,0,,0,0,1,0,0,,0
3338,承重柱,0,,0,0,1,0,0,,0
3339,腐臭花园,0,,0,0,1,0,0,,0
3340,光荣门,0,,0,0,1,0,0,,0
3341,始源湖东北,0,,0,0,1,0,0,,0
3342,贤岛,0,,0,0,1,0,0,,0
3343,始源湖东南,0,,0,0,1,0,0,,0
3344,梦羽城北,0,,0,0,1,0,0,,0
3345,鱼群镇,0,,0,0,1,0,0,,0
3346,身镜湖中央,0,,0,0,1,0,0,,0
3347,优雅馆,0,,0,0,1,0,0,,0
3348,身镜湖南,0,,0,0,1,0,0,,0
3349,蛇水湖北,0,,0,0,1,0,0,,0
3350,朵瓦特里沉没神殿,0,,0,0,1,0,0,,0
3351,光荣路（珂露西亚岛方面）,0,,0,0,1,0,0,,0
3352,光荣路,0,,0,0,1,0,0,,0
3353,刺舌滴,0,,0,0,1,0,0,,0
3354,长老集会所,0,,0,0,1,0,0,,0
3355,酒鬼馆,0,,0,0,1,0,0,,0
3356,宗母的荣耀,0,,0,0,1,0,0,,0
3357,花侯爵凯旋路,0,,0,0,1,0,0,,0
3358,羊毛道,0,,0,0,1,0,0,,0
3359,宗母的荣耀,0,,0,0,1,0,0,,0
3360,无言崖,0,,0,0,1,0,0,,0
3361,缠根林,0,,0,0,1,0,0,,0
3362,染洗沼地,0,,0,0,1,0,0,,0
3363,瞑目石兵,0,,0,0,1,0,0,,0
3364,洛查特尔河,0,,0,0,1,0,0,,0
3365,血盅,0,,0,0,1,0,0,,0
3366,弓木树岛,0,,0,0,1,0,0,,0
3367,姐妹隐岛,0,,0,0,1,0,0,,0
3368,快婿树岛,0,,0,0,1,0,0,,0
3369,特林鸠罗的石架,0,,0,0,1,0,0,,0
3370,被吞没的摩天楼,0,,0,0,1,0,0,,0
3371,甬道,0,,0,0,1,0,0,,0
3372,飞空艇栈桥,0,,0,0,1,0,0,,0
3373,奥奇斯达蓝深渊,0,,0,0,1,0,0,,0
3374,阿马罗棚,0,,0,0,1,0,0,,0
3375,兵棋之间,0,,0,0,1,0,0,,0
3376,春水涌泉,0,,0,0,1,0,0,,0
3377,演奏之间,0,,0,0,1,0,0,,0
3378,昂萨哈凯尔,0,,0,0,1,0,0,,0
3379,昂萨哈凯尔西部,0,,0,0,1,0,0,,0
3380,昂萨哈凯尔东部,0,,0,0,1,0,0,,0
3381,昂萨哈凯尔南部,0,,0,0,1,0,0,,0
3382,圣者巴古儿赤的神谕,0,,0,0,1,0,0,,0
3383,受辱巴古儿赤的不屈,0,,0,0,1,0,0,,0
3384,聪慧巴古儿赤的旅程,0,,0,0,1,0,0,,0
3385,宇宙宫,0,,0,0,1,0,0,,0
3386,骑士城苑,0,,0,0,1,0,0,,0
3387,王妃庭园,0,,0,0,1,0,0,,0
3388,国王宫殿,0,,0,0,1,0,0,,0
3389,骑士之间,0,,0,0,1,0,0,,0
3390,兵刃之间,0,,0,0,1,0,0,,0
3391,萤石大堂,0,,0,0,1,0,0,,0
3392,举杯之间,0,,0,0,1,0,0,,0
3393,英雄之间,0,,0,0,1,0,0,,0
3394,起舞之间,0,,0,0,1,0,0,,0
3395,工厂废墟上层,0,,0,0,1,0,0,,0
3396,工厂废墟中层,0,,0,0,1,0,0,,0
3397,工厂废墟下层,0,,0,0,1,0,0,,0
3398,工厂废墟深层,0,,0,0,1,0,0,,0
3399,第一区,0,,0,0,1,0,0,,0
3400,第二区,0,,0,0,1,0,0,,0
3401,第三区,0,,0,0,1,0,0,,0
3402,第四区,0,,0,0,1,0,0,,0
3403,第五区,0,,0,0,1,0,0,,0
3404,仓库A,0,,0,0,1,0,0,,0
3405,仓库B,0,,0,0,1,0,0,,0
3406,质检场,0,,0,0,1,0,0,,0
3407,废品处理室,0,,0,0,1,0,0,,0
3408,仓库C,0,,0,0,1,0,0,,0
3409,螺旋路,0,,0,0,1,0,0,,0
3410,前部甲板,0,,0,0,1,0,0,,0
3411,后部甲板,0,,0,0,1,0,0,,0
3412,无垢的大地01,0,,0,0,1,0,0,,0
3413,无垢的大地02,0,,0,0,1,0,0,,0
3414,无垢的大地03,0,,0,0,1,0,0,,0
3415,无垢的大地04,0,,0,0,1,0,0,,0
3416,无垢的大地05,0,,0,0,1,0,0,,0
3417,无垢的大地06,0,,0,0,1,0,0,,0
3418,无垢的大地07,0,,0,0,1,0,0,,0
3419,无垢的大地08,0,,0,0,1,0,0,,0
3420,无垢的大地09,0,,0,0,1,0,0,,0
3421,无垢的大地10,0,,0,0,1,0,0,,0
3422,无垢的大地11,0,,0,0,1,0,0,,0
3423,无垢的大地12,0,,0,0,1,0,0,,0
3424,无垢的大地13,0,,0,0,1,0,0,,0
3425,复制工厂废墟,0,,0,0,1,0,0,,0
3426,废弃仓库,0,,0,0,1,0,0,,0
3427,机械遗迹坑道,0,,0,0,1,0,0,,0
3428,丽耶美格梦园,0,,0,0,1,0,0,,0
3429,帝都魔导城,0,,0,0,1,0,0,,0
3430,皇族区域通路,0,,0,0,1,0,0,,0
3431,皇族区域大厅,0,,0,0,1,0,0,,0
3432,联络走廊,0,,0,0,1,0,0,,0
3433,动力区,0,,0,0,1,0,0,,0
3434,魔导兵器仓库,0,,0,0,1,0,0,,0
3435,天穹街,0,,0,0,1,0,0,,0
3436,无名众人广场,0,,0,0,1,0,0,,0
3437,工厂废墟上层,0,,0,0,1,0,0,,0
3438,工厂废墟中层,0,,0,0,1,0,0,,0
3439,工厂废墟下层,0,,0,0,1,0,0,,0
3440,工厂废墟深层,0,,0,0,1,0,0,,0
3441,复制工厂废墟,0,,0,0,1,0,0,,0
3442,基姆利特防线,0,,0,0,1,0,0,,0
3443,出海垂钓,0,,0,0,1,0,0,,0
3444,加拉迪翁湾,0,,0,0,1,0,0,,0
3445,梅尔托尔海峡南,0,,0,0,1,0,0,,0
3446,梅尔托尔海峡北,0,,0,0,1,0,0,,0
3447,罗塔诺海,0,,0,0,1,0,0,,0
3448,加拉迪翁湾外海,0,,0,0,1,0,0,,0
3449,加拉迪翁湾外海幻海流,0,,0,0,1,0,0,,0
3450,梅尔托尔海峡南,0,,0,0,1,0,0,,0
3451,梅尔托尔海峡南幻海流,0,,0,0,1,0,0,,0
3452,梅尔托尔海峡北,0,,0,0,1,0,0,,0
3453,梅尔托尔海峡北幻海流,0,,0,0,1,0,0,,0
3454,罗塔诺海海面,0,,0,0,1,0,0,,0
3455,罗塔诺海海面幻海流,0,,0,0,1,0,0,,0
3456,蛇水湖中央,0,,0,0,1,0,0,,0
3457,蛇水湖南,0,,0,0,1,0,0,,0
3458,缪栎之泪,0,,0,0,1,0,0,,0
3459,俾斯麦的额头,0,,0,0,1,0,0,,0
3460,追忆庭,0,,0,0,1,0,0,,0
3461,追忆馆,0,,0,0,1,0,0,,0
3462,净化广场,0,,0,0,1,0,0,,0
3463,信仰大堂,0,,0,0,1,0,0,,0
3464,理念保管库,0,,0,0,1,0,0,,0
3465,概念之间,0,,0,0,1,0,0,,0
3466,塞提柏斯海沟,0,,0,0,1,0,0,,0
3467,阿尼德罗追忆馆,0,,0,0,1,0,0,,0
3468,甘多夫雷平原,0,,0,0,1,0,0,,0
3469,灰扬旅路,0,,0,0,1,0,0,,0
3470,伊甸甲板,0,,0,0,1,0,0,,0
3471,试炼前室,0,,0,0,1,0,0,,0
3472,霍啪栌古盘,0,,0,0,1,0,0,,0
3473,十字镐大街,0,,0,0,1,0,0,,0
3474,圣罗埃勒广场,0,,0,0,1,0,0,,0
3475,新巢居住区,0,,0,0,1,0,0,,0
3476,罗兰莓田,0,,0,0,1,0,0,,0
3477,努力号,0,,0,0,1,0,0,,0
3478,甘戈斯,0,,0,0,1,0,0,,0
3479,西德的记忆空间,0,,0,0,1,0,0,,0
3480,博兹雅堡垒大街,0,,0,0,1,0,0,,0
3481,博兹雅堡垒居住区,0,,0,0,1,0,0,,0
3482,博兹雅堡垒广场,0,,0,0,1,0,0,,0
3483,总部基地前,0,,0,0,1,0,0,,0
3484,总部基地,0,,0,0,1,0,0,,0
3485,通信雷波塔,0,,0,0,1,0,0,,0
3486,通信雷波塔控制室,0,,0,0,1,0,0,,0
3487,大冰河,0,,0,0,1,0,0,,0
3488,分断的大冰河,0,,0,0,1,0,0,,0
3489,摇风云海,0,,0,0,1,0,0,,0
3490,遗迹表层,0,,0,0,1,0,0,,0
3491,遗迹深层,0,,0,0,1,0,0,,0
3492,人偶军事基地,0,,0,0,1,0,0,,0
3493,侏儒山脉,0,,0,0,1,0,0,,0
3494,地堡,0,,0,0,1,0,0,,0
3495,升降机,0,,0,0,1,0,0,,0
3496,异星船舰,0,,0,0,1,0,0,,0
3497,陨坑,0,,0,0,1,0,0,,0
3498,仓库,0,,0,0,1,0,0,,0
3499,通道,0,,0,0,1,0,0,,0
3500,司令室,0,,0,0,1,0,0,,0
3501,竖井,0,,0,0,1,0,0,,0
3502,A区,0,,0,0,1,0,0,,0
3503,B区,0,,0,0,1,0,0,,0
3504,残骸A,0,,0,0,1,0,0,,0
3505,残骸B,0,,0,0,1,0,0,,0
3506,发射甲板,0,,0,0,1,0,0,,0
3507,第二司令室,0,,0,0,1,0,0,,0
3508,通道,0,,0,0,1,0,0,,0
3509,舰桥,0,,0,0,1,0,0,,0
3510,2B的房间,0,,0,0,1,0,0,,0
3511,暗影决战诺弗兰特,0,,0,0,1,0,0,,0
3512,安穆·艾兰,0,,0,0,1,0,0,,0
3513,伊尔美格,0,,0,0,1,0,0,,0
3514,雷克兰德,0,,0,0,1,0,0,,0
3515,阿尔格矿山,0,,0,0,1,0,0,,0
3516,草人的舞场,0,,0,0,1,0,0,,0
3517,大圣堂前广场,0,,0,0,1,0,0,,0
3518,废弃的矿山轨道,0,,0,0,1,0,0,,0
3519,琥珀谷,0,,0,0,1,0,0,,0
3520,甜蜜馆,0,,0,0,1,0,0,,0
3521,沉没的空中走廊,0,,0,0,1,0,0,,0
3522,薄雾席,0,,0,0,1,0,0,,0
3523,不眠的野营地,0,,0,0,1,0,0,,0
3524,光耀大圣堂遗迹,0,,0,0,1,0,0,,0
3525,落羽商业区,0,,0,0,1,0,0,,0
3526,天钢机工房分馆,0,,0,0,1,0,0,,0
3527,算盘大街,0,,0,0,1,0,0,,0
3528,白霜官舍,0,,0,0,1,0,0,,0
3529,,0,,0,0,0,0,0,,0
3530,,0,,0,0,0,0,0,,0
3531,,0,,0,0,0,0,0,,0
3532,,0,,0,0,0,0,0,,0
3533,,0,,0,0,0,0,0,,0
3534,,0,,0,0,0,0,0,,0
3535,,0,,0,0,0,0,0,,0
3536,,0,,0,0,0,0,0,,0
3537,,0,,0,0,0,0,0,,0
3538,,0,,0,0,0,0,0,,0
3539,,0,,0,0,0,0,0,,0
3540,,0,,0,0,0,0,0,,0
3541,,0,,0,0,0,0,0,,0
3542,,0,,0,0,0,0,0,,0
3543,,0,,0,0,0,0,0,,0
3544,,0,,0,0,0,0,0,,0
3545,,0,,0,0,0,0,0,,0
3546,,0,,0,0,0,0,0,,0
3547,,0,,0,0,0,0,0,,0
3548,,0,,0,0,0,0,0,,0
3549,,0,,0,0,0,0,0,,0
3550,,0,,0,0,0,0,0,,0
3551,,0,,0,0,0,0,0,,0
3552,,0,,0,0,0,0,0,,0
3553,,0,,0,0,0,0,0,,0
3554,,0,,0,0,0,0,0,,0
3555,,0,,0,0,0,0,0,,0
3556,,0,,0,0,0,0,0,,0
3557,,0,,0,0,0,0,0,,0
3558,,0,,0,0,0,0,0,,0
3559,,0,,0,0,0,0,0,,0
3560,,0,,0,0,0,0,0,,0
3561,,0,,0,0,0,0,0,,0
3562,,0,,0,0,0,0,0,,0
3563,,0,,0,0,0,0,0,,0
3564,,0,,0,0,0,0,0,,0
3565,,0,,0,0,0,0,0,,0
3566,,0,,0,0,0,0,0,,0
3567,,0,,0,0,0,0,0,,0
3568,始皇宝座,0,,0,0,1,0,0,,0
3569,时空狭缝,0,,0,0,1,0,0,,0
3570,燕鸥崖海湾,0,,0,0,1,0,0,,0
3571,燕鸥崖,0,,0,0,1,0,0,,0
3572,阿诺古的房间,0,,0,0,1,0,0,,0
3573,未明之间,0,,0,0,1,0,0,,0
3574,沃茨之锤,0,,0,0,1,0,0,,0
3575,,0,,0,0,0,0,0,,0
3576,人偶军事基地,0,,0,0,1,0,0,,0
3577,侏儒山脉,0,,0,0,1,0,0,,0
3578,地堡,0,,0,0,1,0,0,,0
3579,升降机,0,,0,0,1,0,0,,0
3580,异星船舰,0,,0,0,1,0,0,,0
3581,,0,,0,0,0,0,0,,0
3582,,0,,0,0,0,0,0,,0
3583,,0,,0,0,0,0,0,,0
3584,,0,,0,0,0,0,0,,0
3585,,0,,0,0,0,0,0,,0
3586,,0,,0,0,0,0,0,,0
3587,,0,,0,0,0,0,0,,0
3588,,0,,0,0,0,0,0,,0
3589,,0,,0,0,0,0,0,,0
3590,,0,,0,0,0,0,0,,0
3591,,0,,0,0,0,0,0,,0
3592,,0,,0,0,0,0,0,,0
3593,,0,,0,0,0,0,0,,0
3594,,0,,0,0,0,0,0,,0
3595,,0,,0,0,0,0,0,,0
3596,,0,,0,0,0,0,0,,0
3597,,0,,0,0,0,0,0,,0
3598,,0,,0,0,0,0,0,,0
3599,,0,,0,0,0,0,0,,0
